2256
1897
1659
658
886
2706
483
1126
1751
1746
300
497
79
1162
155
486
711
2709
2201
1919
448
2344
73
842
1732
95
1797
2742
2613
2747
512
1212
648
528
507
1273
373
2557
1243
1988
1069
631
395
1823
1556
955
2764
802
1583
1458
2212
1995
1005
13
1171
935
587
834
921
972
2515
1024
46
41
2681
1291
270
1048
340
1317
504
865
642
1652
2074
1586
1972
2611
1314
412
791
2582
2129
1324
2395
715
1694
999
1539
414
1257
2470
321
1822
55
2786
262
1705
1635
1429
2385
625
1333
1617
1867
872
363
1807
1393
1632
410
2366
485
819
1392
721
170
1884
1925
920
1344
800
2343
2738
2548
885
2781
2340
1776
2617
2695
1354
2624
1484
2041
1778
1653
1329
2559
1893
662
543
1834
795
380
2722
2221
198
1489
2484
1192
984
2371
1340
2460
167
1385
316
1633
447
2531
1731
245
2398
634
1164
151
2684
726
2654
1017
980
1202
1312
1472
409
1454
2485
1992
15
2124
1845
2349
1685
1796
2247
278
1190
1153
219
1969
119
2637
2026
1562
1891
136
72
1261
326
2587
370
784
1167
1773
541
679
2231
1800
1381
2397
2177
2060
1189
398
462
1131
978
1114
1514
682
1953
2668
415
1549
1838
2105
487
547
2596
837
953
1236
1459
314
1221
686
2475
942
664
1367
1223
1232
1668
839
1465
353
1887
2423
385
586
1770
691
2334
1533
629
2533
1163
2222
1157
1836
2618
2295
783
1638
1318
2725
2639
2246
2407
801
163
1337
118
216
735
1046
1377
2671
123
284
1134
2036
992
757
2058
25
1391
873
877
1676
946
591
845
468
18
1876
593
1004
527
470
689
348
2556
135
2779
2116
1191
2745
338
1890
479
2132
74
2326
120
1155
1512
159
2100
2502
1093
304
1245
1358
1399
1964
177
2055
2469
2626
843
733
1286
1710
2648
2258
1993
1853
827
1856
2092
231
2636
1467
560
1175
2015
1913
1327
359
2434
796
2571
1915
565
1754
1406
1794
1116
1636
997
2528
14
1878
2482
2592
1711
594
1790
2265
1244
191
1125
556
666
2099
2426
1262
2252
451
1123
1735
640
207
1825
2089
1739
515
1070
1696
257
2448
1059
1537
2573
423
1341
343
1001
1603
1565
1041
237
1591
196
1206
94
2729
632
644
838
2696
319
2162
258
2086
2024
1015
1929
35
2254
998
2209
2551
1138
581
645
1057
2386
2198
725
2724
362
1292
2268
1701
1468
1302
1331
2306
2572
2225
1006
1804
466
254
809
1373
748
456
610
1950
707
1284
180
2566
2202
2570
2087
65
1071
2508
209
261
2560
495
833
1240
811
2275
2478
2595
661
1073
2463
2468
2504
2529
647
1466
781
296
830
1300
1117
1313
1619
1706
751
2396
1875
152
361
2079
1471
514
1693
539
2184
947
1483
1580
855
2534
230
2536
247
1426
723
2579
2661
2187
2769
203
2359
490
755
2332
1979
1809
1025
678
2518
2555
425
2090
1222
917
1677
1365
2323
2048
761
2028
460
1872
1099
568
825
2388
1771
2104
128
1184
48
2633
776
553
879
2123
23
168
2597
2664
1908
572
597
743
2067
1276
1631
1473
1924
1379
1880
165
142
1210
550
559
2288
1060
2005
2038
2170
1909
400
869
1045
924
716
977
810
862
1345
1469
90
2157
1914
1579
583
1492
393
289
979
936
454
269
989
2106
1907
822
404
2461
432
701
246
2033
2013
274
2432
452
1912
195
2452
2159
2345
530
1664
1000
188
1749
311
2290
62
1542
2651
2411
2744
940
2512
1521
2042
1513
439
738
1536
2629
1857
2718
1266
1541
831
1415
1246
2251
2158
2580
1040
2260
2790
1639
1702
440
2009
2319
575
1101
56
384
1198
1587
763
290
1288
882
1129
2150
2325
1611
2665
1249
173
770
354
75
2137
1058
759
110
377
78
2220
214
2672
248
427
2039
1575
197
1182
1121
670
1671
2180
1500
1998
1360
1173
2071
489
1437
1271
1561
1130
116
224
832
2584
805
1109
982
39
11
957
2649
1008
2309
1
2002
1461
1756
1755
1517
2304
2338
892
2330
2717
1977
421
2627
1229
325
2270
52
1235
1170
2459
1843
1043
1745
2752
345
457
369
2196
1430
2519
1260
2667
1228
1975
1748
1396
1615
1681
2521
1761
1044
1647
526
2046
523
351
595
1725
558
1502
655
2328
44
652
175
2756
767
2298
2375
1441
544
1361
1496
2307
628
1181
2496
2446
1634
775
1767
1678
2737
1818
1308
826
1435
1049
264
22
2544
1135
344
973
890
232
782
1203
1859
2266
2043
1637
2279
548
1051
60
1982
2757
2303
2424
122
6
1462
2216
1582
2211
281
1791
1943
1100
1455
829
672
301
1971
866
317
1673
2564
124
455
1464
1282
206
1325
138
2207
105
2249
1581
2480
181
646
2675
1215
336
1940
2358
2516
1366
1869
582
473
418
2314
762
976
1643
381
2569
2606
235
2550
1510
760
2175
606
2301
1557
785
162
1493
549
374
1852
2691
1641
1960
106
2788
1627
332
1763
2403
2128
1951
1251
331
2168
307
98
1871
1297
1741
1142
671
1861
2107
437
1254
243
312
2096
2163
429
2378
27
1440
1730
794
21
996
910
2455
1412
2682
2437
676
1779
2630
2188
752
1263
1339
1987
4
1456
2634
2066
1535
2339
2685
2179
121
2245
2102
868
635
2069
769
488
931
2108
1037
2542
33
2084
2429
1827
2770
2767
2406
1613
2063
499
1227
2167
283
2052
2318
1978
1039
1527
2539
663
669
836
1817
2233
1799
2236
365
1009
1956
49
2031
1622
968
584
2182
1640
24
1724
1027
210
867
1703
1961
2734
1098
1408
1488
208
465
50
1855
1259
2083
1984
2703
2154
2481
228
571
83
2023
1021
740
2320
1830
2457
70
627
1061
1279
923
1889
911
67
1740
1983
2173
2127
1927
190
2273
1865
2565
1231
2486
712
734
713
2702
1596
1278
115
551
1648
695
1248
244
860
2739
1736
1747
569
1610
2267
1479
927
2125
2361
137
1022
709
249
441
2750
1712
1930
1422
2300
1835
2652
573
904
1425
2376
2599
2765
2147
1242
394
1775
2227
2203
2305
1029
2594
1311
2567
1247
382
1063
2141
77
1209
133
1821
849
2523
850
2483
1295
1833
217
256
2121
1679
2793
1350
1507
1862
902
1224
1417
334
2109
461
1814
2447
2755
372
185
1841
1545
1052
2171
1218
2438
446
1195
229
2248
2787
2229
2505
1524
211
2610
379
2673
510
608
995
2443
619
2775
1866
1237
205
2387
292
1970
847
753
933
1728
2183
333
823
1764
2238
1154
2530
250
1722
1663
1932
2178
239
2690
2131
2467
2312
2780
604
2302
714
1105
1873
1547
2365
600
2666
2517
2686
2296
491
171
2692
773
1268
1860
1920
2716
2660
756
482
1107
360
132
1255
1515
1149
952
1729
1765
1283
518
2010
2773
1287
318
1758
2778
241
1275
1854
263
1375
1082
86
1380
2255
683
2272
34
2698
2142
1353
2456
638
1064
420
1460
1290
1087
2161
433
1620
649
717
2185
1053
328
799
1368
1420
294
2479
1169
459
1966
2506
2404
2311
349
1666
1709
293
1947
2471
272
2219
2576
416
1104
2226
1197
1088
2498
1667
2292
2766
1233
1704
357
140
1177
2282
1411
1382
943
1092
2280
1199
428
2322
2513
2537
2118
99
505
674
2753
2727
1558
2350
2694
2538
2748
618
990
80
2604
1879
1967
2575
2363
779
848
1204
1359
1721
1892
2095
903
1351
31
857
1594
2794
611
2501
1529
100
2581
854
2715
126
2136
2061
1213
1207
1684
896
323
2308
1942
103
1910
2176
727
2341
579
1094
1451
280
2732
1347
392
956
1434
1700
288
958
1054
1658
871
1727
1390
2191
1193
1418
2138
1772
1691
1159
1898
1934
1692
1612
1110
899
1478
2711
2239
812
1801
500
1595
2374
1894
480
117
2503
390
91
888
436
1597
764
2659
1188
592
387
1674
928
951
277
1137
1986
2364
1625
1519
1895
1881
2210
758
403
2276
1362
2262
2331
1036
1475
2427
988
750
724
172
533
234
2271
2616
1777
621
306
656
2094
2497
1020
1180
2119
112
2662
2228
2003
1798
2669
364
2785
2064
2435
2337
2080
1305
1682
1089
1621
894
51
1737
430
2493
1837
2357
1899
2065
965
1994
1336
1106
1230
335
2112
1068
1534
388
2342
202
2525
101
29
287
2731
765
1394
1885
1120
1654
703
2574
1683
620
1574
2783
1410
2545
282
201
2215
615
1687
2034
1364
1280
2439
1985
2612
1482
2062
2017
2054
1883
1438
1973
187
1604
1697
901
42
397
668
1813
2546
624
2791
736
1904
1760
1963
1769
2324
1079
1559
2591
2405
680
2640
2234
1782
1433
2491
2740
449
2413
741
2679
2257
2032
601
2721
238
991
107
1383
422
1476
327
1656
1846
1499
242
1152
887
1490
2291
2189
2650
1570
1738
2619
2736
1103
1511
536
5
1486
745
1145
1695
1047
2014
529
501
1281
1338
1713
1606
768
1564
2421
2723
706
92
1958
690
599
2590
1928
1802
2641
2027
1097
971
1133
2462
1289
2117
2646
974
2004
54
2237
1111
2000
2728
69
399
540
1062
1239
1322
786
2078
1589
1409
279
909
963
2743
1033
1113
693
19
496
1598
630
961
1034
807
1030
2642
1990
2286
2081
2020
259
2073
1481
1882
2389
324
824
2253
2315
1328
1540
156
557
970
417
2466
2235
1256
2451
1083
1299
2169
744
350
1432
1999
798
1091
962
1522
438
305
746
148
2232
1650
1518
864
2490
1319
2243
313
2763
2261
1931
2070
2621
2240
458
546
2333
59
585
2166
1477
1997
7
2011
2
2719
2720
2008
1491
1944
2155
816
233
1414
2381
130
215
1143
2608
841
964
1397
1498
2631
1780
2489
1607
2760
28
2156
1784
2111
1590
1141
1783
342
2399
1272
1680
1407
64
1348
2507
806
2754
76
859
2097
2059
969
38
1165
987
1241
2704
347
1185
2520
916
567
1715
1742
2628
731
1699
2165
1205
2373
1077
1743
1555
1448
538
1293
1831
271
535
1629
1096
223
225
1421
443
1395
881
2208
2391
2313
926
960
1250
285
266
1201
1888
1870
563
1320
1264
2035
2205
16
1896
804
1431
2726
1115
310
2431
260
2001
934
1035
1926
1824
1372
1321
818
2351
226
2214
1538
2609
789
1609
1161
1444
875
660
275
1405
1214
2472
160
2418
2018
63
602
2445
1828
2527
623
1726
2223
221
352
1528
1623
925
1427
2647
2348
954
555
2674
1954
2285
1624
1050
2577
2085
1343
134
2200
276
967
1494
2476
492
2283
2792
792
1959
2620
2400
1844
651
2701
687
89
1792
1139
1839
542
702
1265
2040
1708
125
710
1274
622
1532
1688
2417
994
1858
220
1474
1921
1136
1626
1002
2250
639
2450
708
2380
522
959
57
1160
1965
1108
1457
1013
1076
2369
2190
722
1566
2287
2547
874
2149
1501
498
513
2335
2558
189
2274
1863
383
218
1416
85
1277
817
1140
2101
861
329
68
2653
880
684
1178
1384
2143
1332
803
1007
589
150
1948
1605
2758
617
1962
1072
2522
2197
2160
1592
747
1976
2103
1578
728
194
564
506
1428
1355
2543
1661
1525
945
1269
1012
1219
1788
1657
2644
1526
2678
178
2050
609
2464
2440
908
1717
2700
1296
2511
2444
2797
1389
2500
739
2269
1922
1470
2419
93
1194
2077
2263
2585
1388
147
8
87
2194
299
1168
828
2623
1151
308
174
17
154
813
2562
1572
596
109
139
157
524
1989
339
268
737
1335
2658
1723
2433
1217
1808
1569
2264
1759
788
1903
2144
1901
389
2741
1439
2242
2777
255
545
2383
1608
1166
778
1419
402
45
1446
1294
176
2454
149
450
1158
986
2603
1449
169
821
1600
598
517
754
1599
9
1952
749
531
503
1662
697
222
561
183
1095
907
1980
1102
2181
2578
2056
1785
1850
1941
2402
320
240
131
777
386
2415
2465
2336
637
1957
2192
1403
1453
1452
1147
2164
2044
2689
406
2422
1208
1447
588
2277
474
605
1820
1789
1010
614
297
2206
2549
1849
358
1128
127
96
2601
322
143
688
2710
2297
2355
2488
1150
2705
851
424
975
603
2347
1505
426
2310
844
1124
2362
1939
657
1917
2321
367
161
1330
1585
1301
2714
913
2367
2625
1787
1686
1014
1718
2072
1480
146
2186
1038
532
2643
251
1933
2029
1398
1356
2410
1949
2281
1874
1413
12
1886
2284
2554
1936
700
1902
814
1267
520
2075
1905
153
10
2113
2145
2495
1509
1766
82
2122
265
346
252
2316
1733
2372
1323
401
2153
1424
1523
1086
2416
2687
1307
516
1497
1630
355
2699
574
696
1670
419
2174
566
1616
577
2568
1253
1378
2172
891
1911
1443
1132
1675
445
108
681
1400
1220
1530
2688
1991
330
2195
1906
2614
375
2139
2213
2360
2670
1698
1665
2680
166
88
2293
1080
309
2593
889
2795
2532
2535
2605
2382
941
2655
1568
2771
2598
659
870
2412
685
32
1923
1516
1567
1270
2635
71
1018
1614
2019
212
1042
1803
554
607
1342
2774
1148
1423
937
1304
368
2632
1563
2151
26
694
915
525
1974
2384
1576
771
653
835
2441
932
562
61
2540
1369
1546
1832
1642
2622
1503
2588
1176
1495
2134
1485
2735
144
2514
519
930
2045
2218
906
396
2146
1593
129
2583
2021
981
1127
2730
1819
2602
2392
337
1649
2317
840
36
1864
478
1644
1690
2677
2259
476
2130
2494
2356
2114
626
1945
164
1216
2329
1442
2047
2607
719
2708
227
81
463
808
2499
2199
1404
2458
2401
1196
1186
471
1065
1445
2600
1144
2733
2589
2327
1309
1225
820
2370
442
1734
1122
192
774
2352
993
1504
47
1543
938
2241
2012
2353
1352
475
1226
667
2638
391
481
1753
141
1628
1669
863
1370
2776
444
145
477
1552
895
2693
2510
732
2152
2091
1508
897
472
184
537
578
944
846
2354
1183
84
1298
2278
612
815
1848
1553
1303
1011
102
1554
199
1085
2473
2135
1544
408
1016
641
1651
636
30
302
1744
2759
2509
852
53
1716
884
780
434
1805
1815
2492
2645
2657
2093
1847
2586
111
985
200
1826
2007
1829
1401
772
2428
1258
1078
1487
2217
1551
1146
2244
1602
113
1363
1402
291
1436
893
1812
2762
675
2006
2656
1066
2712
570
1719
1672
1938
3
2789
378
616
1996
253
797
2474
494
1660
2120
1840
2025
1081
2524
1588
950
1571
1655
484
1386
2553
2749
2477
2449
2796
1752
787
1601
718
1768
576
1376
699
2148
2115
1055
303
2393
2615
2133
2088
1112
66
521
677
1019
1334
1357
914
435
919
2526
1645
1346
1781
2377
186
2707
2436
1067
1174
1023
2126
1156
213
204
366
1842
431
949
2076
2751
2057
236
1238
1868
1349
1187
315
1075
2110
2230
2051
2390
643
534
411
912
2746
1548
1374
1306
853
742
193
552
286
1877
1003
1689
2442
509
1955
1762
2676
1618
2193
698
900
464
2697
1387
2394
1786
20
1918
898
1714
2037
1179
2552
1315
1450
467
1851
295
1573
1806
1935
2068
2030
2082
1200
2563
2798
720
793
2289
2016
2098
1981
407
766
1811
97
267
1031
730
2053
1937
43
2299
2414
2425
729
2782
493
1584
665
2408
114
905
858
2772
654
1646
508
1084
453
1750
633
182
502
511
580
371
1371
918
2224
2768
1056
692
179
856
2409
469
590
2453
2420
704
705
1028
929
37
878
1463
1026
356
983
273
1211
922
2022
2663
2049
1968
1074
1032
948
939
1531
876
2761
341
966
2784
2487
1234
1810
2561
1757
2294
2541
650
1560
1119
1550
1172
158
1720
2346
673
1793
405
2204
1090
40
1118
2430
1252
1520
298
1577
613
1774
104
883
790
2368
1795
1816
1316
2140
2379
1707
1285
1916
1326
1506
2713
376
58
413
1310
1900
2683
1946
