0.78 7.8
6.14 7.45
7.44 1.78
Data:
8.49 8.37
4.97 6.18
0.03 8.33
5.48 6.4
3.3 8.41
6.6 8.26
1.55 5.54
6.33 7.86
8.15 9.68
3.99 9.7
0.56 8.54
8.16 1.43
6.91 2.57
0.48 0.75
1.49 4.7
9.74 2.19
8.21 1.47
4.78 2.87
2.86 1.25
2.5 5.05
1.45 8.16
5.4 4.61
5.63 1.95
5.48 3.85
8.39 9.81
9.45 4.22
9.36 9.24
8.42 4.57
6.88 2.6
8.19 4.56
4.47 1.22
3.41 4.66
3.95 0.77
4.83 5.61
5.55 5.96
1.0 5.09
4.8 4.58
1.77 1.07
3.53 7.16
9.73 2.29
8.57 7.52
8.97 6.75
7.03 2.26
1.38 5.83
6.67 0.55
6.49 1.17
2.73 0.86
4.48 8.58
8.62 4.04
2.97 1.72
5.36 9.89
7.72 2.23
2.99 3.03
7.98 7.23
2.1 3.82
7.64 9.7
9.71 5.1
6.69 9.3
9.08 6.75
5.65 2.68
0.99 5.49
7.4 5.05
8.15 7.71
4.53 7.15
5.02 7.97
7.47 7.07
1.5 9.13
4.69 8.27
8.11 5.46
0.2 2.99
5.82 5.71
0.05 0.29
4.57 6.29
0.58 8.92
6.21 9.98
0.64 5.31
0.28 9.47
7.64 3.42
2.62 9.8
9.25 5.83
0.03 7.14
6.83 9.4
9.3 9.25
1.62 8.54
3.47 4.53
5.27 2.38
8.98 4.45
5.63 8.68
8.46 4.18
5.88 9.18
3.23 6.79
7.6 7.4
7.01 7.7
7.93 7.72
3.33 2.7
3.31 6.5
9.99 2.6
1.69 1.3
8.62 2.75
0.8 3.4
8.51 5.89
0.62 2.25
4.23 2.85
6.36 3.88
9.11 7.23
0.01 3.52
8.34 6.57
5.9 2.47
7.83 9.92
7.91 3.16
1.78 4.87
7.07 2.9
8.61 0.86
6.57 5.25
1.46 9.59
2.34 4.88
4.62 4.34
2.73 2.06
8.42 9.58
9.14 3.15
7.36 8.38
6.95 8.58
4.17 5.74
8.39 2.76
5.63 5.16
3.01 6.63
4.43 2.92
2.23 8.12
4.85 6.91
8.16 1.64
6.05 2.01
1.21 8.08
1.1 0.6
0.53 0.27
2.11 7.12
6.32 7.95
3.67 2.16
5.04 7.68
3.46 1.77
2.03 7.91
2.71 4.35
1.86 6.38
6.74 2.15
7.75 2.78
7.71 3.67
4.37 5.51
2.13 4.41
9.06 9.91
6.35 0.38
1.96 3.08
8.35 4.93
1.15 7.26
0.15 2.62
6.47 9.66
1.85 6.53
5.8 5.24
5.94 1.66
7.55 7.55
6.54 1.38
8.38 9.44
5.62 8.05
6.09 9.6
2.31 8.76
2.91 7.64
5.74 10.0
9.14 7.25
6.78 5.53
6.2 8.11
9.23 7.77
9.29 0.84
2.43 6.55
8.5 3.18
9.71 8.97
9.65 4.22
4.6 2.12
1.37 2.03
0.65 7.51
3.54 8.62
2.57 1.32
7.1 1.45
0.43 8.59
5.87 9.91
1.47 4.03
1.06 7.58
4.47 7.65
4.39 9.96
2.05 9.93
9.03 3.98
7.46 3.24
6.22 7.1
9.76 2.36
8.19 6.58
1.86 6.48
3.87 8.48
5.92 2.11
8.41 0.17
1.05 2.47
0.73 7.41
3.05 7.94
8.74 7.26
8.84 2.89
9.94 4.75
2.6 7.96
4.09 1.85
0.25 0.96
9.0 3.95
1.0 0.42
4.03 7.2
5.01 6.06
7.17 4.47
8.26 8.55
7.68 7.96
4.6 6.31
4.17 3.23
5.81 1.25
6.87 6.82
3.01 3.64
5.0 7.53
8.01 3.25
8.7 6.17
9.37 9.88
5.76 2.89
1.48 9.88
3.93 8.55
9.37 6.44
9.77 3.71
5.0 3.58
4.54 3.35
4.15 4.89
4.46 8.12
6.3 2.03
5.67 8.15
0.06 8.23
4.43 4.57
5.0 5.98
1.34 8.39
2.03 0.25
8.43 7.32
4.57 8.68
4.83 8.12
9.25 6.62
4.68 7.41
1.48 9.91
7.05 4.93
0.99 0.69
7.86 2.57
8.23 9.49
4.54 5.9
6.1 0.77
6.7 0.55
2.86 4.55
7.81 8.25
3.74 8.57
4.56 4.13
1.36 3.8
0.78 2.24
8.27 6.89
2.5 5.21
5.77 7.42
9.1 0.66
1.33 2.01
8.32 6.88
9.99 6.73
1.62 9.02
7.12 3.38
6.35 0.39
0.81 2.11
8.73 3.99
1.57 5.78
6.47 7.8
5.04 1.3
3.82 3.53
1.53 9.31
9.17 7.11
0.58 9.45
0.81 2.85
7.36 6.89
3.21 2.55
9.99 7.29
9.19 5.14
1.84 9.33
2.83 1.85
6.6 1.91
9.98 1.08
3.95 4.72
9.27 4.51
6.06 4.86
3.28 2.34
4.94 4.28
3.97 4.63
4.12 6.25
7.79 4.24
6.69 5.9
0.69 9.78
4.49 1.34
8.41 7.33
5.51 2.03
7.87 1.59
5.92 1.41
9.08 4.95
2.56 0.96
5.47 8.62
3.07 8.08
6.25 9.6
0.04 8.59
0.66 2.66
4.52 5.2
5.76 0.1
5.29 9.18
2.56 8.94
9.96 8.39
2.89 0.43
3.29 9.27
1.44 4.49
6.67 5.38
1.02 6.07
3.11 5.14
7.72 4.84
8.86 8.44
5.03 1.88
2.35 9.15
4.81 7.2
2.6 0.72
1.62 8.13
1.28 0.05
4.28 2.54
9.37 5.66
3.28 8.32
2.25 8.91
7.26 9.06
9.29 6.38
8.47 1.11
7.7 3.82
2.51 1.51
7.94 7.46
4.33 9.9
6.4 6.5
4.03 4.42
4.55 7.95
5.43 5.2
2.24 8.55
0.95 0.26
8.26 5.51
7.67 8.81
1.87 7.05
3.91 4.11
3.28 5.76
9.95 4.93
0.25 9.27
5.25 7.44
7.81 7.29
2.1 2.46
3.53 7.92
5.85 6.73
3.17 0.23
1.86 1.05
8.03 4.73
3.87 4.97
4.02 9.03
6.02 4.96
2.63 5.92
6.75 1.11
1.93 9.87
5.51 5.79
2.44 6.34
7.73 2.99
4.69 9.11
3.81 0.81
0.28 1.84
0.13 1.14
4.89 1.89
6.7 8.02
7.81 3.94
9.7 0.21
5.18 3.73
6.48 3.96
1.47 3.06
6.66 1.68
4.57 4.02
1.23 2.03
3.99 2.56
2.84 8.67
2.77 7.19
3.31 2.08
5.46 3.4
0.74 9.25
5.92 3.51
3.56 9.68
6.58 2.0
4.87 1.18
7.61 2.33
4.47 1.41
5.67 6.95
6.89 2.15
4.03 4.8
4.03 6.41
5.85 2.91
8.59 9.12
8.18 0.36
7.25 7.21
7.15 4.51
2.18 7.63
2.14 7.8
9.16 1.09
7.12 1.61
6.5 9.63
9.24 9.31
5.24 3.73
2.18 1.19
7.65 6.79
5.62 3.09
5.3 9.53
4.72 1.38
4.8 9.7
2.99 2.99
7.58 2.74
5.88 2.26
0.76 2.06
4.8 9.6
8.77 7.58
2.61 4.75
8.28 5.32
9.91 5.02
6.32 9.1
8.1 5.12
3.79 1.61
2.72 1.89
4.59 5.73
3.0 8.69
6.45 3.04
7.72 1.11
2.91 8.04
9.09 3.87
7.68 0.54
7.52 7.68
2.2 6.81
5.73 3.38
8.49 0.29
2.99 8.96
9.4 7.85
6.34 6.15
1.6 3.9
2.09 3.45
4.04 5.97
4.5 3.65
3.3 2.97
1.99 6.1
9.98 5.02
7.02 7.73
4.34 7.31
3.34 1.68
1.32 6.85
9.34 0.56
9.8 9.55
5.25 8.36
9.01 5.78
1.21 7.3
7.47 4.75
4.52 4.84
6.3 4.71
3.79 0.28
5.9 1.52
3.34 4.79
0.97 6.64
7.44 5.64
3.4 6.6
4.24 1.17
4.17 3.19
0.05 5.79
9.8 0.66
6.93 0.77
9.49 2.36
5.44 9.19
5.71 6.59
8.21 2.23
5.82 7.79
4.47 1.25
6.55 0.85
6.23 9.19
3.81 9.92
4.2 4.63
4.04 4.72
8.57 3.04
3.89 3.32
4.92 8.25
5.38 7.18
1.81 2.45
4.12 9.64
5.08 1.84
0.79 7.06
9.02 9.07
0.18 0.9
7.4 7.15
3.35 3.13
3.83 9.05
7.17 7.42
2.69 6.84
9.66 3.48
8.82 5.17
4.7 5.42
