2256	0 -> 1149,2,2371
1897	1 -> 0,1231
1659	10 -> 12,242,31,42,63
658	100 -> 102,1813
886	1000 -> 1001,1794
2706	1001 -> 1002
483	1002 -> 426
1126	1003 -> 1004
1751	1004 -> 1005
1746	1005 -> 321
300	1006 -> 1008
497	1007 -> 1006
79	1008 -> 296
1162	1009 -> 1010
155	101 -> 12
486	1010 -> 595
711	1011 -> 1009,2058
2709	1012 -> 1013,1350
2201	1013 -> 1014,1237
1919	1014 -> 878
448	1015 -> 1229,407
2344	1016 -> 1017
73	1017 -> 1015
842	1018 -> 1019,2431
1732	1019 -> 1410,977
95	102 -> 101,349
1797	1020 -> 1018,2609
2742	1021 -> 984
2613	1022 -> 1021
2747	1023 -> 1022
512	1024 -> 1026
1212	1025 -> 764
648	1026 -> 1025,1305
528	1027 -> 379
507	1028 -> 1029
1273	1029 -> 1027
373	103 -> 104,2417,537,844
2557	1030 -> 1031
1243	1031 -> 737
1988	1032 -> 1030
1069	1033 -> 201
631	1034 -> 1033,2430
395	1035 -> 1034,1433
1823	1036 -> 767
1556	1037 -> 1038
955	1038 -> 1036,1041,1526
2764	1039 -> 1040
802	104 -> 105
1583	1040 -> 1038
1458	1041 -> 1039,2103
2212	1042 -> 1044,1671
1995	1043 -> 1042
1005	1044 -> 1051,399
13	1045 -> 337
1171	1046 -> 1045
935	1047 -> 1046,2159
587	1048 -> 1049
834	1049 -> 1050,1864
921	105 -> 1845,62,947
972	1050 -> 132
2515	1051 -> 1052,1440
1024	1052 -> 1053,1558
46	1053 -> 1044,2112
41	1054 -> 1055
2681	1055 -> 1056
1291	1056 -> 2182,626
270	1057 -> 763
1048	1058 -> 1057
340	1059 -> 1058
1317	106 -> 107,1152,297
504	1060 -> 1062,1735
865	1061 -> 18
642	1062 -> 1061
1652	1063 -> 898
2074	1064 -> 1063,1070
1586	1065 -> 1064
1972	1066 -> 1067
2611	1067 -> 740
1314	1068 -> 1066,1492
412	1069 -> 1064
791	107 -> 181,22
2582	1070 -> 1071
2129	1071 -> 1069
1324	1072 -> 1073
2395	1073 -> 583
715	1074 -> 1072,1582
1694	1075 -> 1647,845
999	1076 -> 1077,1426
1539	1077 -> 1075
414	1078 -> 1079,1862
1257	1079 -> 1080
2470	108 -> 106,370,503
321	1080 -> 691
1822	1081 -> 494
55	1082 -> 1083
2786	1083 -> 1081
262	1084 -> 1086
1705	1085 -> 1084
1635	1086 -> 850
1429	1087 -> 1088,1841
2385	1088 -> 1089
625	1089 -> 224
1333	109 -> 110,171,2187
1617	1090 -> 337
1867	1091 -> 1092
872	1092 -> 1090,2150
363	1093 -> 1094
1807	1094 -> 1095
1393	1095 -> 36
1632	1096 -> 1097
410	1097 -> 11
2366	1098 -> 1096,2009
485	1099 -> 1100
819	11 -> 1098,7
1392	110 -> 1730,22
721	1100 -> 1101
170	1101 -> 1218,544
1884	1102 -> 1104
1925	1103 -> 1102,2382
920	1104 -> 845
1344	1105 -> 999
800	1106 -> 1105
2343	1107 -> 1106
2738	1108 -> 1110
2548	1109 -> 1108
885	111 -> 109,204,252
2781	1110 -> 360
2340	1111 -> 1226,766
1776	1112 -> 1113
2617	1113 -> 1111,2464
2695	1114 -> 618
1354	1115 -> 1116
2624	1116 -> 1114
1484	1117 -> 2729,994
2041	1118 -> 1119
1778	1119 -> 1117
1653	112 -> 113
1329	1120 -> 1121,1745
2559	1121 -> 1122
1893	1122 -> 1344,1495,269
662	1123 -> 1124
543	1124 -> 2566,590
1834	1125 -> 1123
795	1126 -> 1127
380	1127 -> 1128,2046
2722	1128 -> 388
2221	1129 -> 393
198	113 -> 114,193,556
1489	1130 -> 1131
2484	1131 -> 1129
1192	1132 -> 1134,2787
984	1133 -> 1132
2371	1134 -> 971
1340	1135 -> 2564,477
2460	1136 -> 1135
167	1137 -> 1136
1385	1138 -> 56
316	1139 -> 1140
1633	114 -> 32
447	1140 -> 1138,2177
2531	1141 -> 1142,1827,2584
1731	1142 -> 898
245	1143 -> 1141
2398	1144 -> 1146
634	1145 -> 872
1164	1146 -> 1145,1285
151	1147 -> 0
2684	1148 -> 1147
726	1149 -> 1148
2654	115 -> 2539,44,515
1017	1150 -> 106
980	1151 -> 1150
1202	1152 -> 1151
1312	1153 -> 661
1472	1154 -> 1155
409	1155 -> 1153
1454	1156 -> 1158
2485	1157 -> 97
1992	1158 -> 1157
15	1159 -> 229
2124	116 -> 117,265,338
1845	1160 -> 1161
2349	1161 -> 1159
1685	1162 -> 1164
1796	1163 -> 1162
2247	1164 -> 559
278	1165 -> 1166
1190	1166 -> 1936,376
1153	1167 -> 1165,2499
219	1168 -> 1169
1969	1169 -> 85
119	117 -> 115,271
2637	1170 -> 1168
2026	1171 -> 1173
1562	1172 -> 1211,983
1891	1173 -> 1172
136	1174 -> 1176,1293
72	1175 -> 766
1261	1176 -> 1175
326	1177 -> 1178,1508
2587	1178 -> 1179
370	1179 -> 869
784	118 -> 120
1167	1180 -> 1181
1773	1181 -> 830
541	1182 -> 1180,2478
679	1183 -> 1184
2231	1184 -> 1489,980
1800	1185 -> 1183,1896
1381	1186 -> 1188
2397	1187 -> 784
2177	1188 -> 1187,2772
2060	1189 -> 1191,1722
1189	119 -> 118
398	1190 -> 566
462	1191 -> 1190
1131	1192 -> 696
978	1193 -> 1194
1114	1194 -> 1192,1359
1514	1195 -> 1197,2143
682	1196 -> 1195
1953	1197 -> 56
2668	1198 -> 1199,1658
415	1199 -> 1200
1549	12 -> 100,11,127,2307,55
1838	120 -> 279,35
2105	1200 -> 1738,33
487	1201 -> 1202
547	1202 -> 629
2596	1203 -> 1201,1307,1322
837	1204 -> 1571,173,2037
953	1205 -> 1204,1241,1585
1236	1206 -> 1205,1406
1459	1207 -> 1696,864
314	1208 -> 1207,1683
1221	1209 -> 1208
686	121 -> 30,879
2475	1210 -> 1172,1679
942	1211 -> 1212
664	1212 -> 1210
1367	1213 -> 1214
1223	1214 -> 570
1232	1215 -> 1213
1668	1216 -> 1217
839	1217 -> 1101,2164
1465	1218 -> 1216,1297
353	1219 -> 32
1887	122 -> 123
2423	1220 -> 1221,1622
385	1221 -> 1219
586	1222 -> 876
1770	1223 -> 1222
691	1224 -> 1223
2334	1225 -> 1111
1533	1226 -> 1227
629	1227 -> 1225,1945
2533	1228 -> 1230
1163	1229 -> 1228,1653,2443
2222	123 -> 121,246
1157	1230 -> 1015
1836	1231 -> 1232
2618	1232 -> 1233
2295	1233 -> 1,2341
783	1234 -> 1235
1638	1235 -> 1236
1318	1236 -> 811
2725	1237 -> 1239
2639	1238 -> 1013
2246	1239 -> 1238
2407	124 -> 14
801	1240 -> 1242
163	1241 -> 1240,1316
1337	1242 -> 1205
118	1243 -> 459
216	1244 -> 1243,1660
735	1245 -> 1244
1046	1246 -> 1248
1377	1247 -> 692
2671	1248 -> 1247
123	1249 -> 1250
284	125 -> 124,1650
1134	1250 -> 362
2036	1251 -> 1249
992	1252 -> 1253,1951
757	1253 -> 2753,596
2058	1254 -> 1252
25	1255 -> 136
1391	1256 -> 1255
873	1257 -> 1256,2523
877	1258 -> 1259
1676	1259 -> 1260
946	126 -> 125
591	1260 -> 675
845	1261 -> 487
468	1262 -> 1261
18	1263 -> 1262
1876	1264 -> 1266
593	1265 -> 1264
1004	1266 -> 749
527	1267 -> 829
470	1268 -> 1267
689	1269 -> 1268
348	127 -> 128,228,781
2556	1270 -> 1272
135	1271 -> 1270
2779	1272 -> 202,2128,2266
2116	1273 -> 1274
1191	1274 -> 1275,2552
2745	1275 -> 648
338	1276 -> 390
1890	1277 -> 1278
479	1278 -> 1276
2132	1279 -> 1280
74	128 -> 129
2326	1280 -> 389
120	1281 -> 1279
1155	1282 -> 1284,1379
1512	1283 -> 145
159	1284 -> 1283
2100	1285 -> 1286
2502	1286 -> 1287
1093	1287 -> 1146
304	1288 -> 1289
1245	1289 -> 1290,1546
1358	129 -> 12
1399	1290 -> 935
1964	1291 -> 1174
177	1292 -> 1291,2152
2055	1293 -> 1292,1668
2469	1294 -> 1296
2626	1295 -> 1294,1466
843	1296 -> 963
733	1297 -> 1299
1286	1298 -> 1218
1710	1299 -> 1298
2648	13 -> 232,249,7
2258	130 -> 132
1993	1300 -> 232
1853	1301 -> 1300
827	1302 -> 1301
1856	1303 -> 1304,1544
2092	1304 -> 1026
231	1305 -> 1303
2636	1306 -> 1203
1467	1307 -> 1308
560	1308 -> 1306
1175	1309 -> 1310
2015	131 -> 137,95
1913	1310 -> 32
1327	1311 -> 1309
359	1312 -> 1313
2434	1313 -> 1314
796	1314 -> 560
2571	1315 -> 1317
1915	1316 -> 1315
565	1317 -> 1241
1754	1318 -> 1320
1406	1319 -> 322
1794	132 -> 1048,131,198,741
1116	1320 -> 1319
1636	1321 -> 1323,1436,2096
997	1322 -> 1321
2528	1323 -> 1203
14	1324 -> 25
1878	1325 -> 1326
2482	1326 -> 1324
2592	1327 -> 1328,1903
1711	1328 -> 805
594	1329 -> 1327,2318
1790	133 -> 134,383,867
2265	1330 -> 1332,2023
1244	1331 -> 951
191	1332 -> 1331
1125	1333 -> 764
556	1334 -> 1333
666	1335 -> 1334
2099	1336 -> 37
2426	1337 -> 1338
1262	1338 -> 1336
2252	1339 -> 1340
451	134 -> 2000,43
1123	1340 -> 1341
1735	1341 -> 818
640	1342 -> 1343
207	1343 -> 1122
1825	1344 -> 1342
2089	1345 -> 1347
1739	1346 -> 368
515	1347 -> 1346
1070	1348 -> 1349,2345
1696	1349 -> 1012
257	135 -> 133
2448	1350 -> 1348
1059	1351 -> 1353,2301
1537	1352 -> 1351
2573	1353 -> 1500,23
423	1354 -> 1356
1341	1355 -> 1354
343	1356 -> 851
1001	1357 -> 1358
1603	1358 -> 1194
1565	1359 -> 1357
1041	136 -> 1257,131
237	1360 -> 1361
1591	1361 -> 1362
196	1362 -> 447
1206	1363 -> 1364
94	1364 -> 1981,213
2729	1365 -> 1363
632	1366 -> 1590,244
644	1367 -> 1366
838	1368 -> 1367
2696	1369 -> 1371
319	137 -> 138
2162	1370 -> 2732,451
258	1371 -> 1370
2086	1372 -> 1373,1934
2024	1373 -> 1374
1015	1374 -> 862
1929	1375 -> 1376,2213
35	1376 -> 485
2254	1377 -> 1375,2447
998	1378 -> 1282
2209	1379 -> 1380
2551	138 -> 136
1138	1380 -> 1378,1414
581	1381 -> 1383
645	1382 -> 423
1057	1383 -> 1382,2324
2386	1384 -> 1386
2198	1385 -> 343
725	1386 -> 1385
2724	1387 -> 1389
362	1388 -> 1387
1292	1389 -> 2776,911
2268	139 -> 140
1701	1390 -> 406
1468	1391 -> 1390
1302	1392 -> 1391
1331	1393 -> 829
2306	1394 -> 1395
2572	1395 -> 1393
2225	1396 -> 1398
1006	1397 -> 2210,510
1804	1398 -> 1397
466	1399 -> 1401,1712
254	14 -> 126,15,17,200,254,29,314
809	140 -> 56
1373	1400 -> 1399,1998
748	1401 -> 1820,88
456	1402 -> 1403,1912
610	1403 -> 1404
1950	1404 -> 2077,2425,598
707	1405 -> 1206,1568
1284	1406 -> 1407,1550
180	1407 -> 1405
2566	1408 -> 1409
2202	1409 -> 1019
2570	141 -> 139
2087	1410 -> 1408
65	1411 -> 1412
1071	1412 -> 87
2508	1413 -> 1411
209	1414 -> 1416
261	1415 -> 1380
2560	1416 -> 1415
495	1417 -> 1418
833	1418 -> 1419
1240	1419 -> 360
811	142 -> 1677,25
2275	1420 -> 1422
2478	1421 -> 1420,1818
2595	1422 -> 941
661	1423 -> 382
1073	1424 -> 1425
2463	1425 -> 1423
2468	1426 -> 1428
2504	1427 -> 1076,1958
2529	1428 -> 1427
647	1429 -> 1431,1610,2607
1466	143 -> 142,612
781	1430 -> 1429
296	1431 -> 614
830	1432 -> 1434
1300	1433 -> 1432
1117	1434 -> 1035,1769
1313	1435 -> 1437
1619	1436 -> 1435
1706	1437 -> 1321,1447
751	1438 -> 1051
2396	1439 -> 1438
1875	144 -> 143,627
152	1440 -> 1439
361	1441 -> 1443
2079	1442 -> 465
1471	1443 -> 1442
514	1444 -> 1445
1693	1445 -> 308
539	1446 -> 1444
2184	1447 -> 1449,1552
947	1448 -> 1437,2314
1483	1449 -> 1448
1580	145 -> 1282,147
855	1450 -> 1451,2701
2534	1451 -> 1452
230	1452 -> 886
2536	1453 -> 1455
247	1454 -> 1453
1426	1455 -> 312
723	1456 -> 950
2579	1457 -> 1456
2661	1458 -> 1457
2187	1459 -> 1460
2769	146 -> 166,387,87
203	1460 -> 1461
2359	1461 -> 250
490	1462 -> 1464
755	1463 -> 871
2332	1464 -> 1463
1979	1465 -> 1467
1809	1466 -> 1465
1025	1467 -> 1295
678	1468 -> 1477,838
2518	1469 -> 1468
2555	147 -> 146
425	1470 -> 1469
2090	1471 -> 1472
1222	1472 -> 1473,2561
917	1473 -> 2228,2243,55
1677	1474 -> 1475
1365	1475 -> 505
2323	1476 -> 1474
2048	1477 -> 1478
761	1478 -> 1479
2028	1479 -> 1468
460	148 -> 2288,65
1872	1480 -> 1481
1099	1481 -> 1482
568	1482 -> 456
825	1483 -> 1484
2388	1484 -> 551
1771	1485 -> 1483
2104	1486 -> 1487,2278
128	1487 -> 163
1184	1488 -> 1486
48	1489 -> 1491
2633	149 -> 150
776	1490 -> 1184,2027
553	1491 -> 1490,1743
879	1492 -> 1494,2086
2123	1493 -> 1068
23	1494 -> 1493
168	1495 -> 1496,2798
2597	1496 -> 1497
2664	1497 -> 1122
1908	1498 -> 1353
572	1499 -> 1498,2407
597	15 -> 13,1939,671
743	150 -> 148
2067	1500 -> 1499
1276	1501 -> 1503
1631	1502 -> 1501
1473	1503 -> 1992,2162,528
1924	1504 -> 1506
1379	1505 -> 822
1880	1506 -> 1505
165	1507 -> 1177
142	1508 -> 1509,1626
1210	1509 -> 1507,2237
550	151 -> 1837,20
559	1510 -> 1512,2328
2288	1511 -> 1510
1060	1512 -> 223
2005	1513 -> 359
2038	1514 -> 1513,2501
2170	1515 -> 1514
1909	1516 -> 1517
400	1517 -> 1518
869	1518 -> 631
1045	1519 -> 1520
924	152 -> 151,525
716	1520 -> 2066,325
977	1521 -> 1519
810	1522 -> 1524
862	1523 -> 1522
1345	1524 -> 2673,869
1469	1525 -> 1527
90	1526 -> 1525
2157	1527 -> 1038,2601
1914	1528 -> 1529
1579	1529 -> 860
583	153 -> 152,187,330
1492	1530 -> 1528
393	1531 -> 423
289	1532 -> 1533,2201
979	1533 -> 1531,1733
936	1534 -> 569
454	1535 -> 1536
269	1536 -> 1534
989	1537 -> 1539,1598,2003
2106	1538 -> 1537
1907	1539 -> 248
822	154 -> 2193,48
404	1540 -> 813
2461	1541 -> 1540
432	1542 -> 1541
701	1543 -> 1545
246	1544 -> 1543
2033	1545 -> 1303
2013	1546 -> 1547,2260
274	1547 -> 1548
2432	1548 -> 1289
452	1549 -> 1551,1829
1912	155 -> 156
195	1550 -> 1549
2452	1551 -> 1406
2159	1552 -> 1553
2345	1553 -> 1554
530	1554 -> 1447
1664	1555 -> 1557
1000	1556 -> 712
188	1557 -> 1556
1749	1558 -> 1559,1595
311	1559 -> 1560
2290	156 -> 154
62	1560 -> 1052
1542	1561 -> 1563
2651	1562 -> 1561
2411	1563 -> 740
2744	1564 -> 1566
940	1565 -> 1564
2512	1566 -> 2148,418
1521	1567 -> 1569
2042	1568 -> 1567
1513	1569 -> 1405
439	157 -> 158
738	1570 -> 1572
1536	1571 -> 1570
2629	1572 -> 1204
1857	1573 -> 1575,2073
2718	1574 -> 2098,488
1266	1575 -> 1574,2571
1541	1576 -> 1577
831	1577 -> 1578
1415	1578 -> 430
1246	1579 -> 2311,98
2251	158 -> 17
2158	1580 -> 1581
2580	1581 -> 1579
1040	1582 -> 1583,1881
2260	1583 -> 1584
2790	1584 -> 1074,2080
1639	1585 -> 1586
1702	1586 -> 1587
440	1587 -> 1205
2009	1588 -> 1366
2319	1589 -> 1588
575	159 -> 157,1757
1101	1590 -> 1589
56	1591 -> 388
384	1592 -> 1593
1198	1593 -> 1591
1587	1594 -> 1596
763	1595 -> 1594
290	1596 -> 1558
1288	1597 -> 1537
882	1598 -> 1599
1129	1599 -> 1597,2241
2150	16 -> 18
2325	160 -> 30,453
1611	1600 -> 455
2665	1601 -> 1602
1249	1602 -> 1600
173	1603 -> 347
770	1604 -> 1605
354	1605 -> 1603,2400
75	1606 -> 2386,28
2137	1607 -> 1606,2678
1058	1608 -> 1607
759	1609 -> 1429
110	161 -> 160,180,375,573
377	1610 -> 1611
78	1611 -> 1609
2220	1612 -> 1613
214	1613 -> 627
2672	1614 -> 1612,1995
248	1615 -> 1616
427	1616 -> 434
2039	1617 -> 1615
1575	1618 -> 841
197	1619 -> 1620
1182	162 -> 161,354
1121	1620 -> 1618
670	1621 -> 1220
1671	1622 -> 1623,2167
2180	1623 -> 1621
1500	1624 -> 1625
1998	1625 -> 1508
1360	1626 -> 1624
1173	1627 -> 1629,1654
2071	1628 -> 544
489	1629 -> 1628
1437	163 -> 1488,164
1271	1630 -> 1631
1561	1631 -> 1632
1130	1632 -> 17
116	1633 -> 1634
224	1634 -> 79
832	1635 -> 1633
2584	1636 -> 507
805	1637 -> 1638
1109	1638 -> 1636
982	1639 -> 1641
39	164 -> 165,230
11	1640 -> 435
957	1641 -> 1640
2649	1642 -> 1644
1008	1643 -> 1642
2309	1644 -> 219
1	1645 -> 1646
2002	1646 -> 1075
1461	1647 -> 1645
1756	1648 -> 1649
1755	1649 -> 125
1517	165 -> 26,424
2304	1650 -> 1648
2338	1651 -> 1229
892	1652 -> 1651
2330	1653 -> 1652
2717	1654 -> 1655
1977	1655 -> 1656
421	1656 -> 1627
2627	1657 -> 1659
1229	1658 -> 1657
325	1659 -> 1198
2270	166 -> 168
52	1660 -> 1662
1235	1661 -> 1244
1170	1662 -> 1661
2459	1663 -> 1664,2094
1843	1664 -> 1665
1043	1665 -> 790
1745	1666 -> 1293
2752	1667 -> 1666
345	1668 -> 1667
457	1669 -> 1670
369	167 -> 146
2196	1670 -> 1042
1430	1671 -> 1669,1692
2519	1672 -> 6
1260	1673 -> 1674
2667	1674 -> 1672,1874
1228	1675 -> 142
1975	1676 -> 1675,1859
1748	1677 -> 1676
1396	1678 -> 1680
1615	1679 -> 1678
1681	168 -> 167,363
2521	1680 -> 1210
1761	1681 -> 1682,1883
1044	1682 -> 1208
1647	1683 -> 1681
526	1684 -> 1686
2046	1685 -> 571
523	1686 -> 1685
351	1687 -> 1688
595	1688 -> 1689
1725	1689 -> 2592,458
558	169 -> 170,723
1502	1690 -> 1691
655	1691 -> 1671
2328	1692 -> 1690
44	1693 -> 882
652	1694 -> 1695
175	1695 -> 1693
2756	1696 -> 1698
767	1697 -> 1207
2298	1698 -> 1697
2375	1699 -> 1701
1441	17 -> 159,16,1630,268,481,645
544	170 -> 109
1361	1700 -> 1699
1496	1701 -> 627
2307	1702 -> 1704
628	1703 -> 238
1181	1704 -> 1703
2496	1705 -> 2155,489
2446	1706 -> 1707
1634	1707 -> 1705
775	1708 -> 1709,2520
1767	1709 -> 1710
1678	171 -> 169,814
2737	1710 -> 333
1818	1711 -> 1713
1308	1712 -> 1711
826	1713 -> 1399
1435	1714 -> 1716
1049	1715 -> 1714,1846
264	1716 -> 57
22	1717 -> 458
2544	1718 -> 1717,1949
1135	1719 -> 1718
344	172 -> 322,87
973	1720 -> 1189
890	1721 -> 1720
232	1722 -> 1721,2558
782	1723 -> 1725
1203	1724 -> 569
1859	1725 -> 1724,2179
2266	1726 -> 1727
2043	1727 -> 253
1637	1728 -> 1726
2279	1729 -> 110
548	173 -> 1206,174
1051	1730 -> 1731
60	1731 -> 1729
1982	1732 -> 1533
2757	1733 -> 1734
2303	1734 -> 1732
2424	1735 -> 1736
122	1736 -> 1737,2252
6	1737 -> 1060
1462	1738 -> 1739
2216	1739 -> 1740
1582	174 -> 172
2211	1740 -> 1200
281	1741 -> 1491
1791	1742 -> 1741,2481
1943	1743 -> 1742
1100	1744 -> 1746
1455	1745 -> 1744
829	1746 -> 1120
672	1747 -> 1749
301	1748 -> 1747,2726
1971	1749 -> 415
866	175 -> 177,280,396
317	1750 -> 406
1673	1751 -> 1752
2564	1752 -> 1750
124	1753 -> 1754
455	1754 -> 188
1464	1755 -> 1753
1282	1756 -> 159
206	1757 -> 1758
1325	1758 -> 1756
138	1759 -> 1760
2207	176 -> 56,669
105	1760 -> 1761
2249	1761 -> 635
1581	1762 -> 1764
2480	1763 -> 636
181	1764 -> 1763,2113
646	1765 -> 1766
2675	1766 -> 253,2621
1215	1767 -> 1765
336	1768 -> 1770,1808,1942,2383
1940	1769 -> 1768
2358	177 -> 176,459,863
2516	1770 -> 1434
1366	1771 -> 1773
1869	1772 -> 824
582	1773 -> 1772,2712,2719
473	1774 -> 562
418	1775 -> 1776
2314	1776 -> 1774
762	1777 -> 1975,733
976	1778 -> 1779
1643	1779 -> 1777,2680
381	178 -> 161
2569	1780 -> 1782,2746
2606	1781 -> 1780,1800
235	1782 -> 962
2550	1783 -> 1784
1510	1784 -> 1785
760	1785 -> 543
2175	1786 -> 1787,1805,2662
606	1787 -> 833
2301	1788 -> 1786
1557	1789 -> 258
785	179 -> 178,1891
162	1790 -> 1789
1493	1791 -> 1790
549	1792 -> 1000
374	1793 -> 1792,1854
1852	1794 -> 1793,2619
2691	1795 -> 989
1641	1796 -> 1797
1960	1797 -> 1795,2545
106	1798 -> 1799
2788	1799 -> 1781
1627	18 -> 1060,14,2052
332	180 -> 179
1763	1800 -> 1798
2403	1801 -> 1803
2128	1802 -> 571
1951	1803 -> 1802
1251	1804 -> 1806
331	1805 -> 1804
2168	1806 -> 1786
307	1807 -> 1768
98	1808 -> 1809
1871	1809 -> 1807
1297	181 -> 183,2283
1741	1810 -> 1811
1142	1811 -> 191
671	1812 -> 1810,2658
1861	1813 -> 1814
2107	1814 -> 1815
437	1815 -> 100
1254	1816 -> 1421
243	1817 -> 1816
312	1818 -> 1817,2039
2096	1819 -> 1401
2163	182 -> 107,600
429	1820 -> 1821
2378	1821 -> 1819
27	1822 -> 1823
1440	1823 -> 858
1730	1824 -> 1822
794	1825 -> 1141
21	1826 -> 1825
996	1827 -> 1826
910	1828 -> 1549
2455	1829 -> 1830
1412	183 -> 182
2682	1830 -> 1828
2437	1831 -> 1833
676	1832 -> 823
1779	1833 -> 1832
2630	1834 -> 1836
2188	1835 -> 257
752	1836 -> 1835
1263	1837 -> 1839
1339	1838 -> 151
1987	1839 -> 1838
4	184 -> 185,641
1456	1840 -> 1087
2634	1841 -> 1842
2066	1842 -> 1840
1535	1843 -> 105
2339	1844 -> 1843
2685	1845 -> 1844
2179	1846 -> 1847
121	1847 -> 1848
2245	1848 -> 1715
2102	1849 -> 1850
868	185 -> 186,237
635	1850 -> 875
2069	1851 -> 1849
769	1852 -> 1853,2634
488	1853 -> 1793
931	1854 -> 1852
2108	1855 -> 411
1037	1856 -> 1855
2542	1857 -> 1856
33	1858 -> 1676
2084	1859 -> 1860
2429	186 -> 205,26,594,798
1827	1860 -> 1858
2770	1861 -> 1863
2767	1862 -> 1861
2406	1863 -> 1078
1613	1864 -> 1866
2063	1865 -> 1049
499	1866 -> 1865
1227	1867 -> 554
2167	1868 -> 1869
283	1869 -> 1867
2052	187 -> 189,2225,926,959
2318	1870 -> 412
1978	1871 -> 1872
1039	1872 -> 1870
1527	1873 -> 1875
2539	1874 -> 1873
663	1875 -> 1674
669	1876 -> 1877
836	1877 -> 1878,2639
1817	1878 -> 40
2233	1879 -> 1880
1799	188 -> 153,1755,2256,2544
2236	1880 -> 1582
365	1881 -> 1879
1009	1882 -> 1681,2795
1956	1883 -> 1884
49	1884 -> 1882
2031	1885 -> 1886
1622	1886 -> 1887,2535
968	1887 -> 516
584	1888 -> 1889
2182	1889 -> 197
1640	189 -> 188
24	1890 -> 1888
1724	1891 -> 1892
1027	1892 -> 1893
210	1893 -> 179
867	1894 -> 1185
1703	1895 -> 1894
1961	1896 -> 1895
2734	1897 -> 1898
1098	1898 -> 663
1408	1899 -> 1897
1488	19 -> 21,45,75
208	190 -> 192,455,912
465	1900 -> 1901
50	1901 -> 1902
1855	1902 -> 703
1259	1903 -> 1905
2083	1904 -> 1327
1984	1905 -> 1904
2703	1906 -> 1908
2154	1907 -> 48
2481	1908 -> 1907
228	1909 -> 820
571	191 -> 1812,190,553
83	1910 -> 1909
2023	1911 -> 1910
1021	1912 -> 1913,2296
740	1913 -> 1914
2320	1914 -> 1402
1830	1915 -> 1917
2457	1916 -> 1915
70	1917 -> 221
627	1918 -> 1919
1061	1919 -> 1920
1279	192 -> 298,83
923	1920 -> 707
1889	1921 -> 980
911	1922 -> 1921
67	1923 -> 1922
1740	1924 -> 1926
1983	1925 -> 1924
2173	1926 -> 2627,579
2127	1927 -> 704
1927	1928 -> 1929
190	1929 -> 1927
2273	193 -> 195
1865	1930 -> 70
2565	1931 -> 1930
1231	1932 -> 1931
2486	1933 -> 1935
712	1934 -> 1933
734	1935 -> 1372
713	1936 -> 1938
2702	1937 -> 1166
1596	1938 -> 1937
1278	1939 -> 1940
115	194 -> 113,945
551	1940 -> 1941
1648	1941 -> 15
695	1942 -> 1944
1248	1943 -> 1768
244	1944 -> 1943
860	1945 -> 1946
2739	1946 -> 1947
1736	1947 -> 1227
1747	1948 -> 1950
569	1949 -> 1948
1610	195 -> 194,2030,220
2267	1950 -> 1718
1479	1951 -> 1953,2775
927	1952 -> 1252
2125	1953 -> 1952,2368
2361	1954 -> 1956
137	1955 -> 1954
1022	1956 -> 427
709	1957 -> 1427
249	1958 -> 1959
441	1959 -> 1957
2750	196 -> 197
1712	1960 -> 1961
1930	1961 -> 1962
1422	1962 -> 2339,551
2300	1963 -> 32
1835	1964 -> 1965
2652	1965 -> 1963
573	1966 -> 258
904	1967 -> 1968
1425	1968 -> 1966
2376	1969 -> 1970,2108
2599	197 -> 132,1890,208
2765	1970 -> 253
2147	1971 -> 1969
1242	1972 -> 1974
394	1973 -> 754
1775	1974 -> 1973
2227	1975 -> 1977
2203	1976 -> 1777
2305	1977 -> 1976
1029	1978 -> 1988,43
2594	1979 -> 1980
1311	198 -> 196
2567	1980 -> 1978
1247	1981 -> 1983
382	1982 -> 1364
1063	1983 -> 1982
2141	1984 -> 1986,2602
77	1985 -> 1984
1209	1986 -> 351
133	1987 -> 1989
1821	1988 -> 1987,2250
849	1989 -> 1978
2523	199 -> 14
850	1990 -> 1503,2491
2483	1991 -> 1990
1295	1992 -> 1991
1833	1993 -> 1614
217	1994 -> 1993,2285
256	1995 -> 1994
2121	1996 -> 1997
1679	1997 -> 1400,2118
2793	1998 -> 1996
1350	1999 -> 2001
1507	2 -> 19,3,6
1862	20 -> 153,2,389,526
902	200 -> 201,2463
1224	2000 -> 1999
1417	2001 -> 134
334	2002 -> 2004
2109	2003 -> 2002
461	2004 -> 1537
1814	2005 -> 2006,2537
2447	2006 -> 312
2755	2007 -> 2005
372	2008 -> 1098
185	2009 -> 2010
1841	201 -> 1035,199
1545	2010 -> 2008
1052	2011 -> 2013
2171	2012 -> 421
1218	2013 -> 2012
2438	2014 -> 2015
446	2015 -> 2016,2084,2197
1195	2016 -> 77
229	2017 -> 2019
2248	2018 -> 700
2787	2019 -> 2018
2229	202 -> 1271,203
2505	2020 -> 310
1524	2021 -> 2022
211	2022 -> 2020
2610	2023 -> 2024
379	2024 -> 2025
2673	2025 -> 1330
510	2026 -> 1490
608	2027 -> 2028
995	2028 -> 2026
2443	2029 -> 2031
619	203 -> 111
2775	2030 -> 2029
1866	2031 -> 195
1237	2032 -> 2034
205	2033 -> 403
2387	2034 -> 2033
292	2035 -> 1204
1970	2036 -> 2035
847	2037 -> 2036
753	2038 -> 1818,2505
933	2039 -> 2040
1728	204 -> 202
2183	2040 -> 2038
333	2041 -> 2042
823	2042 -> 2043
1764	2043 -> 769
2238	2044 -> 2045,2337
1154	2045 -> 1127
2530	2046 -> 2044,2134
250	2047 -> 2049
1722	2048 -> 2047
1663	2049 -> 380
1932	205 -> 207,357
2178	2050 -> 18
239	2051 -> 2050
2690	2052 -> 2051
2131	2053 -> 2054
2467	2054 -> 482
2312	2055 -> 2053
2780	2056 -> 1011
604	2057 -> 2056
2302	2058 -> 2057
714	2059 -> 2061
1105	206 -> 186
1873	2060 -> 2059
1547	2061 -> 484
2365	2062 -> 2064
600	2063 -> 2062,2468
2666	2064 -> 636
2517	2065 -> 2067
2686	2066 -> 2065
2296	2067 -> 1520,2760
491	2068 -> 2070
171	2069 -> 2068
2692	207 -> 206
773	2070 -> 296
1268	2071 -> 2072
1860	2072 -> 1573
1920	2073 -> 2071
2716	2074 -> 2076
2660	2075 -> 732
756	2076 -> 2075,2489
482	2077 -> 2078
1107	2078 -> 2079
360	2079 -> 1404
132	208 -> 210,717
1255	2080 -> 2081
1515	2081 -> 2082
1149	2082 -> 1584
952	2083 -> 2085
1729	2084 -> 2083
1765	2085 -> 2015
1283	2086 -> 2088
518	2087 -> 1492
2010	2088 -> 2087
2773	2089 -> 735
1287	209 -> 197
318	2090 -> 2091
1758	2091 -> 2089
2778	2092 -> 1663
241	2093 -> 2092
1275	2094 -> 2093
1854	2095 -> 2097
263	2096 -> 2095
1375	2097 -> 1321
1082	2098 -> 2099
86	2099 -> 2100
1380	21 -> 20
2255	210 -> 209,305
683	2100 -> 1574,2693
2272	2101 -> 2102
34	2102 -> 1041
2698	2103 -> 2101
2142	2104 -> 2105
1353	2105 -> 2106
2456	2106 -> 238
638	2107 -> 2109
1064	2108 -> 2107
420	2109 -> 1969
1460	211 -> 289,46
1290	2110 -> 2111
1087	2111 -> 1053
2161	2112 -> 2110
433	2113 -> 2115
1620	2114 -> 1764
649	2115 -> 2114
717	2116 -> 2117,2615
2185	2117 -> 1997
1053	2118 -> 2116
328	2119 -> 2121
799	212 -> 213,311,747
1368	2120 -> 2119
1420	2121 -> 626
294	2122 -> 2123
2479	2123 -> 674
1169	2124 -> 2122
459	2125 -> 2630,985
1966	2126 -> 2127
2506	2127 -> 2125,2353
2404	2128 -> 2129
2311	2129 -> 2130
349	213 -> 1365,211
1666	2130 -> 1272
1709	2131 -> 2132
293	2132 -> 2133
1947	2133 -> 324
2471	2134 -> 2135
272	2135 -> 2136
2219	2136 -> 2046
2576	2137 -> 2138
416	2138 -> 2139
1104	2139 -> 435
2226	214 -> 215
1197	2140 -> 2141
1088	2141 -> 840
2498	2142 -> 2140
1667	2143 -> 2144,2258
2292	2144 -> 2145
2766	2145 -> 1195
1233	2146 -> 2147
1704	2147 -> 1566
357	2148 -> 2146
140	2149 -> 2151,2410
1177	215 -> 216
2282	2150 -> 2149,2724
1411	2151 -> 1092
1382	2152 -> 2153
943	2153 -> 2154
1092	2154 -> 1292
2280	2155 -> 2156
1199	2156 -> 2157
428	2157 -> 1705,2456
2322	2158 -> 1047
2513	2159 -> 2160
2537	216 -> 22,550
2118	2160 -> 2158
99	2161 -> 1503
505	2162 -> 2163
674	2163 -> 2161
2753	2164 -> 2165
2727	2165 -> 2166
1558	2166 -> 1217
2350	2167 -> 2168
2694	2168 -> 2169
2538	2169 -> 1622
2748	217 -> 218
618	2170 -> 2171
990	2171 -> 2172
80	2172 -> 778
2604	2173 -> 2174
1879	2174 -> 2175
1967	2175 -> 94
2575	2176 -> 1140
2363	2177 -> 2178
779	2178 -> 2176
848	2179 -> 2181
1204	218 -> 219
1359	2180 -> 1725
1721	2181 -> 2180
1892	2182 -> 2184
2095	2183 -> 1056
903	2184 -> 2183,2484
1351	2185 -> 2186
31	2186 -> 109
857	2187 -> 2185
1594	2188 -> 2189
2794	2189 -> 659
611	219 -> 1643,32
2501	2190 -> 2188
1529	2191 -> 2192
100	2192 -> 154
2581	2193 -> 2191
854	2194 -> 2195
2715	2195 -> 2196
126	2196 -> 253
2136	2197 -> 2199
2061	2198 -> 2015
1213	2199 -> 2198
1207	22 -> 108,111,214,2397,24,37
1684	220 -> 222,795
896	2200 -> 2202
323	2201 -> 2200
2308	2202 -> 1532
1942	2203 -> 2205,2333
103	2204 -> 455
1910	2205 -> 2204
2176	2206 -> 2207,2577
727	2207 -> 94
2341	2208 -> 2206
579	2209 -> 1397
1094	221 -> 1916,195,694
1451	2210 -> 2211
280	2211 -> 2209
2732	2212 -> 2214
1347	2213 -> 2212
392	2214 -> 1375,2291
956	2215 -> 2217
1434	2216 -> 954
1700	2217 -> 2216
288	2218 -> 2219
958	2219 -> 753
1054	222 -> 221,606,635,914
1658	2220 -> 2218
871	2221 -> 2222
1727	2222 -> 784
1390	2223 -> 2221
2191	2224 -> 2226
1193	2225 -> 2224,2434
1418	2226 -> 187
2138	2227 -> 1473
1772	2228 -> 2229
1691	2229 -> 2227,2359
1159	223 -> 1511,344,473,98
1898	2230 -> 248
1934	2231 -> 2232,2320
1692	2232 -> 2230
1612	2233 -> 765
1110	2234 -> 2235
899	2235 -> 2233
1478	2236 -> 2238
2711	2237 -> 2236
2239	2238 -> 1509
812	2239 -> 2240
1801	224 -> 1087,225,998
500	2240 -> 1599,2295
1595	2241 -> 2239
2374	2242 -> 1473
1894	2243 -> 2244
480	2244 -> 2242
117	2245 -> 2246
2503	2246 -> 920
390	2247 -> 2245
91	2248 -> 2249
888	2249 -> 1988
436	225 -> 223,402,683
1597	2250 -> 2248
764	2251 -> 2253,2449
2659	2252 -> 2251
1188	2253 -> 1736,2277
592	2254 -> 188
387	2255 -> 2254
1674	2256 -> 2255
928	2257 -> 2259
951	2258 -> 2257
277	2259 -> 2143
1137	226 -> 127
1986	2260 -> 2261
2364	2261 -> 2262
1625	2262 -> 1546,2302
1519	2263 -> 2264
1895	2264 -> 371
1881	2265 -> 2263
2210	2266 -> 2267
758	2267 -> 2268
403	2268 -> 1272
2276	2269 -> 2271
1362	227 -> 226,990
2262	2270 -> 2269
2331	2271 -> 5
1036	2272 -> 2274,2781
1475	2273 -> 2272
2427	2274 -> 77
988	2275 -> 2276
750	2276 -> 2253
724	2277 -> 2275
172	2278 -> 2279
533	2279 -> 2280
234	228 -> 227,416,531
2271	2280 -> 1486
2616	2281 -> 2282,2403
1777	2282 -> 181
621	2283 -> 2281
306	2284 -> 2286
656	2285 -> 2284
2094	2286 -> 1994,2438
2497	2287 -> 2289
1020	2288 -> 2287
1180	2289 -> 148
2119	229 -> 1160,231
112	2290 -> 2292
2662	2291 -> 2290
2228	2292 -> 2214
2003	2293 -> 2294
1798	2294 -> 2240
2669	2295 -> 2293
364	2296 -> 2297
2785	2297 -> 2298
2064	2298 -> 1912
2435	2299 -> 2300
2337	23 -> 1352,260,368,413,7
2080	230 -> 229
1305	2300 -> 1351,2508
1682	2301 -> 2299
1089	2302 -> 2304
1621	2303 -> 2262
894	2304 -> 2303
51	2305 -> 2306
1737	2306 -> 12
430	2307 -> 2305
2493	2308 -> 2309
1837	2309 -> 2310
2357	231 -> 164
1899	2310 -> 505
2065	2311 -> 2313
965	2312 -> 1579
1994	2313 -> 2312
1336	2314 -> 2315
1106	2315 -> 2316
1230	2316 -> 1448
335	2317 -> 2319
2112	2318 -> 2317
1068	2319 -> 1329
1534	232 -> 1302,233,285
388	2320 -> 2321,2487
2342	2321 -> 2322
202	2322 -> 2231
2525	2323 -> 1383
101	2324 -> 2325
29	2325 -> 2323
287	2326 -> 2327
2731	2327 -> 1510
765	2328 -> 2326
1394	2329 -> 2331
1885	233 -> 234
1120	2330 -> 2362,246
1654	2331 -> 2330
703	2332 -> 2334
2574	2333 -> 2332
1683	2334 -> 2203
620	2335 -> 2336
1574	2336 -> 2044
2783	2337 -> 2335
1410	2338 -> 1962
2545	2339 -> 2340
282	234 -> 13
201	2340 -> 2338,2674
2215	2341 -> 2342
615	2342 -> 2343
1687	2343 -> 1233
2034	2344 -> 2346
1364	2345 -> 2344
1280	2346 -> 1348
2439	2347 -> 2348
1985	2348 -> 903
2612	2349 -> 2347
1482	235 -> 236
2062	2350 -> 2351
2017	2351 -> 553
2054	2352 -> 2350,2365
1883	2353 -> 2355
1438	2354 -> 2127,2646
1973	2355 -> 2354
187	2356 -> 2358
1604	2357 -> 2356
1697	2358 -> 797
901	2359 -> 2361
42	236 -> 185,358
397	2360 -> 2229,2573
668	2361 -> 2360
1813	2362 -> 2364
2546	2363 -> 2330
624	2364 -> 2363
2791	2365 -> 2367
736	2366 -> 2352
1904	2367 -> 2366
1760	2368 -> 2370
1963	2369 -> 1953
1769	237 -> 235
2324	2370 -> 2369
1079	2371 -> 2373
1559	2372 -> 0
2591	2373 -> 2372
2405	2374 -> 937
680	2375 -> 2376
2640	2376 -> 2374
2234	2377 -> 2379
1782	2378 -> 2377
1433	2379 -> 41
2491	238 -> 1702,2104,239
2740	2380 -> 2381
449	2381 -> 1103
2413	2382 -> 2380
741	2383 -> 2385,2714
2679	2384 -> 1768
2257	2385 -> 2384
2032	2386 -> 2387
601	2387 -> 2388
2721	2388 -> 1606
238	2389 -> 600
991	239 -> 9
107	2390 -> 2391
1383	2391 -> 2389
422	2392 -> 2393
1476	2393 -> 2394
327	2394 -> 498
1656	2395 -> 2396
1846	2396 -> 22
1499	2397 -> 2395
242	2398 -> 1605
1152	2399 -> 2398
887	24 -> 23
1490	240 -> 238
2291	2400 -> 2399
2189	2401 -> 2402
2650	2402 -> 2281
1570	2403 -> 2401
1738	2404 -> 2405,2687
2619	2405 -> 389
2736	2406 -> 2404
1103	2407 -> 2409
1511	2408 -> 1499
536	2409 -> 2408
5	241 -> 10,500
1486	2410 -> 2411
745	2411 -> 2412
1145	2412 -> 2149
1695	2413 -> 2415,2653
1047	2414 -> 2413
2014	2415 -> 754
529	2416 -> 2418
501	2417 -> 2416
1281	2418 -> 103
1338	2419 -> 415
1713	242 -> 243,470
1606	2420 -> 2421
768	2421 -> 2419
1564	2422 -> 2423
2421	2423 -> 269
2723	2424 -> 2422
706	2425 -> 2427
92	2426 -> 1404
1958	2427 -> 2426
690	2428 -> 1034
599	2429 -> 2428
2590	243 -> 241
1928	2430 -> 2429
1802	2431 -> 2432
2641	2432 -> 2433
2027	2433 -> 1018
1097	2434 -> 2436
971	2435 -> 2225
1133	2436 -> 2435
2462	2437 -> 2286,2741
1289	2438 -> 2439
2117	2439 -> 2437
2646	244 -> 1368,245,263,326
974	2440 -> 2441
2004	2441 -> 2442
54	2442 -> 942
2237	2443 -> 2444
1111	2444 -> 2445
2000	2445 -> 1229
2728	2446 -> 2448
69	2447 -> 2446
399	2448 -> 1377
540	2449 -> 2450
1062	245 -> 123,855
1239	2450 -> 2451
1322	2451 -> 2251
786	2452 -> 2454
2078	2453 -> 2452
1589	2454 -> 479
1409	2455 -> 2157
279	2456 -> 2457
909	2457 -> 2455
963	2458 -> 993
2743	2459 -> 2458
1033	246 -> 2329,244,2475
1113	2460 -> 2459
693	2461 -> 200
19	2462 -> 2461
496	2463 -> 2462
1598	2464 -> 2465
630	2465 -> 2466
961	2466 -> 1113
1034	2467 -> 2469,2708
807	2468 -> 2467
1030	2469 -> 2063
2642	247 -> 13
1990	2470 -> 2472
2286	2471 -> 267
2081	2472 -> 2471
2020	2473 -> 2474
259	2474 -> 246
2073	2475 -> 2473
1481	2476 -> 1182
1882	2477 -> 2476
2389	2478 -> 2477
324	2479 -> 1742
824	248 -> 1538,2231,247,2554
2253	2480 -> 2479
2315	2481 -> 2480
1328	2482 -> 2184,2716,2769
1540	2483 -> 2482,2588
156	2484 -> 2483
557	2485 -> 2486
970	2486 -> 2320
417	2487 -> 2485
2466	2488 -> 2490
2235	2489 -> 2488
1256	249 -> 248
2451	2490 -> 2076
1083	2491 -> 2493
1299	2492 -> 1990
2169	2493 -> 2492
744	2494 -> 730
350	2495 -> 2494
1432	2496 -> 2495
1999	2497 -> 2498
798	2498 -> 1167
1091	2499 -> 2497
962	25 -> 1325,144,9
1522	250 -> 1459,251,436,888
438	2500 -> 1514
305	2501 -> 2502
746	2502 -> 2500
148	2503 -> 2038
2232	2504 -> 2503
1650	2505 -> 2504
1518	2506 -> 2300
864	2507 -> 2506
2490	2508 -> 2507
1319	2509 -> 2510
2243	251 -> 111
313	2510 -> 966
2763	2511 -> 2509
2261	2512 -> 2624,38
1931	2513 -> 2514
2070	2514 -> 2512,2580
2621	2515 -> 2516
2240	2516 -> 2517
458	2517 -> 429
546	2518 -> 2519
2333	2519 -> 1708
59	252 -> 250
585	2520 -> 2518
2166	2521 -> 1257
1477	2522 -> 2521
1997	2523 -> 2522
7	2524 -> 935
2011	2525 -> 2524
2	2526 -> 2525
2719	2527 -> 2529
2720	2528 -> 2527
2008	2529 -> 98
1491	253 -> 14,1728,1767,1971,2194
1944	2530 -> 2531
2155	2531 -> 931
816	2532 -> 2530
233	2533 -> 1886
1414	2534 -> 2533,2761
2381	2535 -> 2534
130	2536 -> 2005
215	2537 -> 2538
1143	2538 -> 2536
2608	2539 -> 2540
841	254 -> 255,649
964	2540 -> 2541
1397	2541 -> 115
1498	2542 -> 2543
2631	2543 -> 188
1780	2544 -> 2542
2489	2545 -> 2547
1607	2546 -> 1797
2760	2547 -> 2546,2649
28	2548 -> 382
2156	2549 -> 2550
1784	255 -> 253
2111	2550 -> 2548
1590	2551 -> 2553
1141	2552 -> 2551
1783	2553 -> 1274
342	2554 -> 2556
2399	2555 -> 248
1272	2556 -> 2555
1680	2557 -> 1722
1407	2558 -> 2559
64	2559 -> 2557
1348	256 -> 258,829
2507	2560 -> 2562
806	2561 -> 2560
2754	2562 -> 1472
76	2563 -> 2565
859	2564 -> 2563
2097	2565 -> 1135
2059	2566 -> 2568
969	2567 -> 1124
38	2568 -> 2567
1165	2569 -> 2570
987	257 -> 1834,32,377,486
1241	2570 -> 1575
2704	2571 -> 2569
347	2572 -> 2574
1185	2573 -> 2572
2520	2574 -> 2360
916	2575 -> 2576
567	2576 -> 2206,2611
1715	2577 -> 2575
1742	2578 -> 2579
2628	2579 -> 2514
731	258 -> 1791,1967,257
1699	2580 -> 2578
2165	2581 -> 2583
1205	2582 -> 303
2373	2583 -> 2582
1077	2584 -> 2586
1743	2585 -> 1141
1555	2586 -> 2585
1448	2587 -> 2589
538	2588 -> 2587
1293	2589 -> 2483
1831	259 -> 23
271	2590 -> 1689
535	2591 -> 2590
1629	2592 -> 2591
1096	2593 -> 2595
223	2594 -> 813
225	2595 -> 2594
1421	2596 -> 61
443	2597 -> 2596
1395	2598 -> 2597
881	2599 -> 1527
2208	26 -> 163,184,27,35,48
2391	260 -> 261,478
2313	2600 -> 2599
926	2601 -> 2600
960	2602 -> 2604
1250	2603 -> 1984
285	2604 -> 2603
266	2605 -> 1429
1201	2606 -> 2605
1888	2607 -> 2606
1870	2608 -> 2610
563	2609 -> 2608
1320	261 -> 259
1264	2610 -> 1020
2035	2611 -> 2613
2205	2612 -> 2576
16	2613 -> 2612
1896	2614 -> 2116,2669
804	2615 -> 2616
1431	2616 -> 2614
2726	2617 -> 1794
1115	2618 -> 2617
310	2619 -> 2618
2431	262 -> 264
260	2620 -> 2622
2001	2621 -> 2620
934	2622 -> 1766
1035	2623 -> 2512
1926	2624 -> 2625
1824	2625 -> 2623
1372	2626 -> 1926
1321	2627 -> 2628
818	2628 -> 2626
2351	2629 -> 2631
226	263 -> 262
2214	2630 -> 2629
1538	2631 -> 2125
2609	2632 -> 2633
789	2633 -> 1852
1609	2634 -> 2632
1161	2635 -> 2636
1444	2636 -> 2637
875	2637 -> 876
660	2638 -> 1877
275	2639 -> 2640
1405	264 -> 244
1214	2640 -> 2638
2472	2641 -> 2642
160	2642 -> 2643
2418	2643 -> 671
2018	2644 -> 2354
63	2645 -> 2644
602	2646 -> 2645
2445	2647 -> 2547
1828	2648 -> 2647
2527	2649 -> 2648
623	265 -> 266
1726	2650 -> 843
2223	2651 -> 2650
221	2652 -> 2651
352	2653 -> 2655
1528	2654 -> 2413
1623	2655 -> 2654
925	2656 -> 2657
1427	2657 -> 1812
2647	2658 -> 2656
2348	2659 -> 2661
954	266 -> 267,432,508
555	2660 -> 2659
2674	2661 -> 267
1954	2662 -> 2664
2285	2663 -> 1786
1624	2664 -> 2663
1050	2665 -> 419
2577	2666 -> 2667
2085	2667 -> 2665
1343	2668 -> 2670
134	2669 -> 2668
2200	267 -> 116,2470,2660
276	2670 -> 2614
967	2671 -> 1524
1494	2672 -> 2671
2476	2673 -> 2672
492	2674 -> 2676
2283	2675 -> 2340
2792	2676 -> 2675
792	2677 -> 2679
1959	2678 -> 2677
2620	2679 -> 1607
2400	268 -> 269
1844	2680 -> 2681
651	2681 -> 2682
2701	2682 -> 1779
687	2683 -> 2684,2765
89	2684 -> 2685
1792	2685 -> 673
1139	2686 -> 2404
1839	2687 -> 2688
542	2688 -> 2686
702	2689 -> 2691
1265	269 -> 1120,2424,270,589
2040	2690 -> 2689
1708	2691 -> 612
125	2692 -> 2100
710	2693 -> 2694
1274	2694 -> 2692
622	2695 -> 2697
1532	2696 -> 302
1688	2697 -> 2696
2417	2698 -> 469
994	2699 -> 2700
1858	27 -> 25,49
220	270 -> 17
1474	2700 -> 2698
1921	2701 -> 2703
1136	2702 -> 1450
1626	2703 -> 2702
1002	2704 -> 291
2250	2705 -> 2706
639	2706 -> 2704
2450	2707 -> 2467
708	2708 -> 2709
2380	2709 -> 2707
522	271 -> 273
959	2710 -> 2711
57	2711 -> 1773
1160	2712 -> 2710
1965	2713 -> 2383
1108	2714 -> 2715
1457	2715 -> 2713
1013	2716 -> 2717
1076	2717 -> 2718
2369	2718 -> 2482
2190	2719 -> 2720
722	272 -> 117
1566	2720 -> 2721
2287	2721 -> 1773
2547	2722 -> 2723
874	2723 -> 2150
2149	2724 -> 2722
1501	2727 -> 1748
498	2728 -> 2730
513	2729 -> 2728
2335	273 -> 272
2558	2730 -> 1117
189	2731 -> 1370
2274	2732 -> 2733
1863	2733 -> 2731
383	2734 -> 2736
218	2735 -> 47
1416	2736 -> 2735
85	2737 -> 396
1277	2738 -> 2739
817	2739 -> 2737
1140	274 -> 276,460
2101	2740 -> 2437
861	2741 -> 2742
329	2742 -> 2740
68	2743 -> 2744
2653	2744 -> 735
880	2745 -> 2743
684	2746 -> 2748
1178	2747 -> 1780
1384	2748 -> 2747
2143	2749 -> 2751
1332	275 -> 540,99
803	2750 -> 2792,548
1007	2751 -> 2750
589	2752 -> 1253
150	2753 -> 2754
1948	2754 -> 2752
1605	2755 -> 971
2758	2756 -> 2755
617	2757 -> 2756
1962	2758 -> 2067
1072	2759 -> 2758
2522	276 -> 275
2197	2760 -> 2759
2160	2761 -> 2763
1592	2762 -> 2534
747	2763 -> 2762
1976	2764 -> 2766
2103	2765 -> 2764
1578	2766 -> 2683
728	2767 -> 2768
194	2768 -> 2482
564	2769 -> 2767
506	277 -> 278
1428	2770 -> 2771
1355	2771 -> 1188
2543	2772 -> 2770
1661	2773 -> 1951
1525	2774 -> 2773
945	2775 -> 2774
1269	2776 -> 2777
1012	2777 -> 2778
1219	2778 -> 1389
1788	2779 -> 2272
1657	278 -> 120
2644	2780 -> 2779
1526	2781 -> 2780
2678	2782 -> 527
178	2783 -> 2782
2050	2784 -> 2783
609	2785 -> 1132
2464	2786 -> 2785
2440	2787 -> 2786
908	2788 -> 533
1717	2789 -> 2788
2700	279 -> 277
1296	2790 -> 2789
2511	2791 -> 2750
2444	2792 -> 2793
2797	2793 -> 2791
1389	2794 -> 2796
2500	2795 -> 2794
739	2796 -> 1882
2269	2797 -> 1495
1922	2798 -> 2799
1470	2799 -> 2797
2419	28 -> 1608,30
93	280 -> 281
1194	281 -> 282
2077	282 -> 175
2263	283 -> 232
2585	284 -> 283
1388	285 -> 284
147	286 -> 287,708
8	287 -> 52
87	288 -> 286
2194	289 -> 290
299	29 -> 28,859
1168	290 -> 291
828	291 -> 211,2705
2623	292 -> 293,365,976
1151	293 -> 62
308	294 -> 292,342
174	295 -> 296,398,607
17	296 -> 1007,106,2069,889,922
154	297 -> 295
813	298 -> 300
2562	299 -> 192
1572	3 -> 1,633
596	30 -> 122,14,162
109	300 -> 299
139	301 -> 62
157	302 -> 2695,303
524	303 -> 2581,301,347
1989	304 -> 306
339	305 -> 304
268	306 -> 210
737	307 -> 309
1335	308 -> 1446,40,952
2658	309 -> 308,955
1723	31 -> 33,88
2433	310 -> 2021,212
1217	311 -> 312,512
1808	312 -> 1454,2007,310
1569	313 -> 14,613
2264	314 -> 315
1759	315 -> 313
788	316 -> 318
1903	317 -> 38
2144	318 -> 317
1901	319 -> 321
389	32 -> 10,112,1220,1311,1964,217,256,779
2741	320 -> 9
1439	321 -> 1003,320,894
2242	322 -> 1318,324
2777	323 -> 172
255	324 -> 2131,323
545	325 -> 1521,244
2383	326 -> 327
1608	327 -> 325
1166	328 -> 153
778	329 -> 328
1419	33 -> 1198,32
402	330 -> 329
45	331 -> 333
1446	332 -> 331
1294	333 -> 1708,58
176	334 -> 335,444
2454	335 -> 336
149	336 -> 98
450	337 -> 1047,1091,339
1158	338 -> 337,435,559
986	339 -> 116,405
2603	34 -> 26,58,826
1449	340 -> 341,477,841
169	341 -> 294
821	342 -> 340,519
1600	343 -> 1384,345,421
598	344 -> 343
517	345 -> 223
754	346 -> 348
1599	347 -> 1604,346
9	348 -> 303
1952	349 -> 351,950
749	35 -> 119,36
531	350 -> 102
503	351 -> 1985,350
1662	352 -> 162
697	353 -> 352,680,692
222	354 -> 353
561	355 -> 205
183	356 -> 355,391
1095	357 -> 356,494
907	358 -> 359
1980	359 -> 1515,360
1102	36 -> 1093,34,79
2181	360 -> 1109,1417,236,738,882
2578	361 -> 168,380
2056	362 -> 1251,361
1785	363 -> 362,446
1850	364 -> 292,427,534
1941	365 -> 366
2402	366 -> 364,639
320	367 -> 369
240	368 -> 1345,367,407,647,785
131	369 -> 23
777	37 -> 1337,39
386	370 -> 371
2415	371 -> 2265,372
2465	372 -> 108
2336	373 -> 374
637	374 -> 161
1957	375 -> 373
2192	376 -> 1167,257
1403	377 -> 378
1453	378 -> 376
1452	379 -> 1028,381
1147	38 -> 22,2513,316
2164	380 -> 2048,379
2044	381 -> 361
2689	382 -> 133,1424,2549
406	383 -> 384
2422	384 -> 382
1208	385 -> 146
1447	386 -> 385
588	387 -> 386
2277	388 -> 1126,1592,390
474	389 -> 1281,2406,388
605	39 -> 38,53
1820	390 -> 1277,20,463
1789	391 -> 393,596
1010	392 -> 356,576
614	393 -> 1130,392
297	394 -> 395
2206	395 -> 175,420
2549	396 -> 2738,394,702
1849	397 -> 295,751
358	398 -> 399
1128	399 -> 1043,397
127	4 -> 2,542
96	40 -> 1876,307,41
2601	400 -> 401
322	401 -> 225
143	402 -> 400,488
688	403 -> 2032,339
2710	404 -> 403,666
2297	405 -> 404
2355	406 -> 1392,1751,368
2488	407 -> 1016,408,662
1150	408 -> 406,507
2705	409 -> 71
851	41 -> 10,2378
424	410 -> 409,804
975	411 -> 1857,410
603	412 -> 1871,414
2347	413 -> 412
1505	414 -> 23,450
426	415 -> 1748,2420,417
2310	416 -> 415
844	417 -> 228
1124	418 -> 1565,395
2362	419 -> 2666,418
1939	42 -> 40,547
657	420 -> 419
1917	421 -> 2011,423,546
2321	422 -> 343
367	423 -> 1381,1532,422
161	424 -> 426,521
1330	425 -> 165
1585	426 -> 1000,425
1301	427 -> 1955,428
2714	428 -> 429,840
913	429 -> 2515,364,761
2367	43 -> 135,1979,44
2625	430 -> 1576,431
1787	431 -> 266
1686	432 -> 430
1014	433 -> 434
1718	434 -> 1617,338,996
2072	435 -> 1639,2137,433,857
1480	436 -> 437
146	437 -> 438
2186	438 -> 250,629
1038	439 -> 441
532	44 -> 116,19
2643	440 -> 439
251	441 -> 726,95
1933	442 -> 334
2029	443 -> 442
1398	444 -> 443
1356	445 -> 363
2410	446 -> 447
1949	447 -> 1360,445
2281	448 -> 414
1874	449 -> 448
1413	45 -> 43,77
12	450 -> 449
1886	451 -> 1369,452
2284	452 -> 160
2554	453 -> 451
1936	454 -> 456,837
700	455 -> 1601,2203,454
1902	456 -> 1480,190
814	457 -> 458
1267	458 -> 1687,1719,177
520	459 -> 1245,457
2075	46 -> 212,26,733,869
1905	460 -> 461,883
153	461 -> 462
10	462 -> 274,674
2113	463 -> 465
2145	464 -> 390
2495	465 -> 1441,464
1509	466 -> 56
1766	467 -> 466
82	468 -> 467,759
2122	469 -> 242,2699,775
265	47 -> 2734,46
346	470 -> 471
252	471 -> 469,577,763
2316	472 -> 474
1733	473 -> 472
2372	474 -> 223
1323	475 -> 476
401	476 -> 340,766
2153	477 -> 1137,475
1424	478 -> 479
1523	479 -> 2453,480
1086	48 -> 155,1906,47
2416	480 -> 260
2687	481 -> 482
1307	482 -> 2055,483
516	483 -> 17
1497	484 -> 2060,257
1630	485 -> 1377,484
355	486 -> 485,497,685
2699	487 -> 1263,489,490
574	488 -> 1573,487,582,848
696	489 -> 1706,402,584
1670	49 -> 51,813
419	490 -> 491,622
2174	491 -> 492
566	492 -> 487,714
1616	493 -> 357
577	494 -> 1082,495
2568	495 -> 493
1253	496 -> 498
1378	497 -> 496,620
2172	498 -> 2392,486
891	499 -> 501
1911	5 -> 2270,4,833,9
1443	50 -> 27
1132	500 -> 499
1675	501 -> 241
445	502 -> 504
108	503 -> 502
681	504 -> 108
1400	505 -> 1476,2308,408
1220	506 -> 505
1530	507 -> 1637,506
2688	508 -> 509
1991	509 -> 510
330	51 -> 50
2195	510 -> 1396,266
1906	511 -> 311
2614	512 -> 513
375	513 -> 511
2139	514 -> 516
2213	515 -> 514,654
2360	516 -> 115,1885,940
2670	517 -> 342
1698	518 -> 517
1665	519 -> 518
2680	52 -> 288,39,567
166	520 -> 424
88	521 -> 522
2293	522 -> 520,799
1080	523 -> 152
309	524 -> 523
2593	525 -> 524,729
889	526 -> 527,939
2795	527 -> 2784,528
2532	528 -> 1502,20
2535	529 -> 530
2605	53 -> 54,64,754,83
2382	530 -> 228
941	531 -> 529
2655	532 -> 533,934
1568	533 -> 2790,364
2771	534 -> 532
2598	535 -> 103
659	536 -> 535,965
870	537 -> 536
2412	538 -> 275,902
685	539 -> 538
32	54 -> 52,69
1923	540 -> 539
1516	541 -> 4
1567	542 -> 543
1270	543 -> 1783,541
2635	544 -> 1099,1627,421
71	545 -> 544
1018	546 -> 545
1614	547 -> 548
2019	548 -> 2749,549
212	549 -> 42
1042	55 -> 1471,56,904
1803	550 -> 552
554	551 -> 1485,1960,216
607	552 -> 551
1342	553 -> 2352,555
2774	554 -> 1868,191
1148	555 -> 554
1423	556 -> 557
937	557 -> 558
1304	558 -> 113
368	559 -> 1163,561
2632	56 -> 1139,1196,141,175,468,57
1563	560 -> 1312,338
2151	561 -> 560,819
26	562 -> 1775,564
694	563 -> 57
915	564 -> 563
525	565 -> 566
1974	566 -> 1189,52
2384	567 -> 565
1576	568 -> 570
771	569 -> 1535,1723,568
653	57 -> 12,1715,562,618
835	570 -> 1215,85
2441	571 -> 161,1684,1801
932	572 -> 571,710
562	573 -> 572
61	574 -> 392
2540	575 -> 574
1369	576 -> 575,928
1546	577 -> 579
1832	578 -> 471
1642	579 -> 1925,578
2622	58 -> 332,60,660,71,805
1503	580 -> 581
2588	581 -> 488
1176	582 -> 580
1495	583 -> 1074,489,788
2134	584 -> 585
1485	585 -> 583,792
2735	586 -> 587
144	587 -> 588
2514	588 -> 96
519	589 -> 590,920
930	59 -> 34,656
2045	590 -> 1125,591
2218	591 -> 269
906	592 -> 186
396	593 -> 592
2146	594 -> 593
1593	595 -> 1011,597
129	596 -> 1254,595,705
2583	597 -> 391,676
2021	598 -> 1402,182
981	599 -> 598
1127	6 -> 1673,5,601
2730	60 -> 59
1819	600 -> 2390,599
2602	601 -> 603
2392	602 -> 6
337	603 -> 602
1649	604 -> 605
2317	605 -> 222
840	606 -> 604
36	607 -> 609,719,908
1864	608 -> 295
478	609 -> 608
1644	61 -> 2598,62
1690	610 -> 611
2677	611 -> 143
2259	612 -> 2690,610
476	613 -> 615
2130	614 -> 1430,313
2494	615 -> 614
2356	616 -> 57
2114	617 -> 616
626	618 -> 1115,617
1945	619 -> 497
164	62 -> 10,103,294,302
1216	620 -> 621
2329	621 -> 619
1442	622 -> 624
2047	623 -> 490
2607	624 -> 623
719	625 -> 626
2708	626 -> 1054,144,2120
227	627 -> 1614,1700,625
81	628 -> 630
463	629 -> 1203,628
808	63 -> 61
2499	630 -> 438
2199	631 -> 1516,3
1404	632 -> 631
2458	633 -> 632
2401	634 -> 636
1196	635 -> 1759,634
1186	636 -> 1762,2063,222
471	637 -> 638
1065	638 -> 366
1445	639 -> 637
2600	64 -> 65
1144	640 -> 642
2733	641 -> 640
2589	642 -> 184
2327	643 -> 644
1309	644 -> 17
1225	645 -> 643
820	646 -> 368
2370	647 -> 648
442	648 -> 1273,646
1734	649 -> 650
1122	65 -> 149,66,99
192	650 -> 651
774	651 -> 254
2352	652 -> 515
993	653 -> 652
1504	654 -> 653
47	655 -> 59,697
1543	656 -> 657
938	657 -> 655
2241	658 -> 659
2012	659 -> 2190,58
2353	66 -> 53,850,92
1352	660 -> 658
475	661 -> 1154,663
1226	662 -> 661
667	663 -> 1899,407,984
2638	664 -> 665,749
391	665 -> 404
481	666 -> 664
1753	667 -> 176
141	668 -> 667
1628	669 -> 668
1669	67 -> 68
863	670 -> 15
1370	671 -> 2641,672
2776	672 -> 670
444	673 -> 2683,675
145	674 -> 2124,673
477	675 -> 1258,462
1552	676 -> 678
895	677 -> 597
2693	678 -> 677
2510	679 -> 353
732	68 -> 54
2152	680 -> 681
2091	681 -> 679
1508	682 -> 684
897	683 -> 682
472	684 -> 225
184	685 -> 686
537	686 -> 687
578	687 -> 486
944	688 -> 689
846	689 -> 690
2354	69 -> 67
1183	690 -> 96
84	691 -> 1078,353
1298	692 -> 1246,693
2278	693 -> 691
612	694 -> 695
815	695 -> 696
1848	696 -> 1193,221,933
1553	697 -> 698
1303	698 -> 699
1011	699 -> 655
102	7 -> 10,14,22,8,94
1554	70 -> 1932,58
199	700 -> 2017,396
1085	701 -> 700
2473	702 -> 701,986
2135	703 -> 1900,704
1544	704 -> 1928,596
408	705 -> 703
1016	706 -> 707
641	707 -> 1918,286
1651	708 -> 706,773
636	709 -> 572
30	71 -> 411,72
302	710 -> 711
1744	711 -> 709,980
2759	712 -> 1555,492
2509	713 -> 712
852	714 -> 713
53	715 -> 716,821
1716	716 -> 208
884	717 -> 715
780	718 -> 607
434	719 -> 720
1805	72 -> 70
1815	720 -> 718
2492	721 -> 169
2645	722 -> 721,771
2657	723 -> 722
2093	724 -> 441
1847	725 -> 724
2586	726 -> 725
111	727 -> 525
985	728 -> 727
200	729 -> 728
1826	73 -> 19
2007	730 -> 2496,731
1829	731 -> 89
1401	732 -> 2074,730
772	733 -> 1778,734
2428	734 -> 735
1258	735 -> 2090,2745,46
1078	736 -> 737
1487	737 -> 1032,360
2217	738 -> 736
1551	739 -> 740
1146	74 -> 73
2244	740 -> 1068,132,1562
1602	741 -> 739
113	742 -> 744,823
1363	743 -> 93
1402	744 -> 743
291	745 -> 212
1436	746 -> 745
893	747 -> 746
1812	748 -> 664
2762	749 -> 1265,750
675	75 -> 74
2006	750 -> 748
2656	751 -> 752
1066	752 -> 753,962
2712	753 -> 2220,397,972
570	754 -> 1972,2414,755
1719	755 -> 756
1672	756 -> 53
1938	757 -> 758
3	758 -> 468
2789	759 -> 757
378	76 -> 45
616	760 -> 762
1996	761 -> 760
253	762 -> 429
797	763 -> 1059,765
2474	764 -> 1024,1335,471
494	765 -> 2234,764
1660	766 -> 1112,1174,767
2120	767 -> 1037,768
1840	768 -> 476
2025	769 -> 2041,722
1081	77 -> 2014,2273,78
2524	770 -> 769
1588	771 -> 770
950	772 -> 774,875
1571	773 -> 772
1655	774 -> 708
484	775 -> 776
1386	776 -> 777
2553	777 -> 469,809
2749	778 -> 2170,780
2477	779 -> 778
2449	78 -> 76
2796	780 -> 32
1752	781 -> 783
787	782 -> 127
1601	783 -> 782
718	784 -> 1186,2223,786
1768	785 -> 784
576	786 -> 368
1376	787 -> 583
699	788 -> 789
2148	789 -> 787
2115	79 -> 1635,81
1055	790 -> 1663,585
303	791 -> 790
2393	792 -> 791
2615	793 -> 794
2133	794 -> 220
2088	795 -> 793
1112	796 -> 797
66	797 -> 186,2357,873
521	798 -> 796
677	799 -> 800
1019	8 -> 5
1334	80 -> 36
1357	800 -> 801
914	801 -> 522
435	802 -> 410
919	803 -> 802
2526	804 -> 803
1645	805 -> 1329,807
1346	806 -> 58
1781	807 -> 806
2377	808 -> 810
186	809 -> 808,969
2707	81 -> 80
2436	810 -> 777
1067	811 -> 1234,812
1174	812 -> 49
1023	813 -> 1542,2593,811
2126	814 -> 816
1156	815 -> 171
213	816 -> 815
204	817 -> 818
366	818 -> 1339,561
1842	819 -> 817
431	82 -> 53
949	820 -> 1911,715
2076	821 -> 822
2751	822 -> 1504,820
2057	823 -> 1831,824
236	824 -> 1771,825
1238	825 -> 742
1868	826 -> 828
1349	827 -> 34
1187	828 -> 827
315	829 -> 1269,1394,830
1075	83 -> 191,84,86
2110	830 -> 1182,831
2230	831 -> 256
2051	832 -> 834
2390	833 -> 1788,832
643	834 -> 5
534	835 -> 836
411	836 -> 454
912	837 -> 835
2746	838 -> 1470,839
1548	839 -> 428,895
1374	84 -> 82
1306	840 -> 2142,838
853	841 -> 1619,842,900
742	842 -> 843
193	843 -> 2652,340
552	844 -> 846
286	845 -> 103,1076,1103
1877	846 -> 845
1003	847 -> 488
1689	848 -> 849
2442	849 -> 847
509	85 -> 1170,569,83
1955	850 -> 1085,852
1762	851 -> 1355,66
2676	852 -> 851
1618	853 -> 854
2193	854 -> 245
698	855 -> 853
900	856 -> 858
464	857 -> 856
2697	858 -> 1824,435
1387	859 -> 860
2394	86 -> 87
1786	860 -> 1530,861
20	861 -> 29
1918	862 -> 1372,864
898	863 -> 862
1714	864 -> 1209,177
2037	865 -> 866
1179	866 -> 133
2552	867 -> 865
1315	868 -> 870
1450	869 -> 1177,1523,868
467	87 -> 1413,145,173,85
1851	870 -> 46
295	871 -> 1462,872
1573	872 -> 1144,797
1806	873 -> 871
1935	874 -> 876
2068	875 -> 1851,874
2030	876 -> 1224,2635,772
2082	877 -> 121
1200	878 -> 1012,877
2563	879 -> 878
2798	88 -> 1400,89
720	880 -> 360
793	881 -> 880
2289	882 -> 1694,881
2016	883 -> 885
2098	884 -> 460
1981	885 -> 884
407	886 -> 1450,250
766	887 -> 886
1811	888 -> 887
97	889 -> 891
267	89 -> 732,90
1031	890 -> 296
730	891 -> 890
2053	892 -> 321
1937	893 -> 892
43	894 -> 893
2299	895 -> 897
2414	896 -> 839
2425	897 -> 896
729	898 -> 1065,1143,841
2782	899 -> 898
493	9 -> 240,26,319,7
1584	90 -> 31
665	900 -> 899
2408	901 -> 903
114	902 -> 901
905	903 -> 2349,538
858	904 -> 905
2772	905 -> 906
654	906 -> 55
1646	907 -> 909
508	908 -> 907
1084	909 -> 607
453	91 -> 66
1750	910 -> 190
633	911 -> 1388,910
182	912 -> 911
502	913 -> 915
511	914 -> 913
580	915 -> 222
371	916 -> 918
1371	917 -> 974,98
918	918 -> 917
2224	919 -> 589
2768	92 -> 93
1056	920 -> 2247,921
692	921 -> 919
179	922 -> 924
856	923 -> 296
2409	924 -> 923
469	925 -> 187
590	926 -> 927
2453	927 -> 925
2420	928 -> 930
704	929 -> 576
705	93 -> 742,91
1028	930 -> 929
929	931 -> 2532,696
37	932 -> 931
878	933 -> 932
1463	934 -> 935
1026	935 -> 1288,2526,936
356	936 -> 532
983	937 -> 2375,526
273	938 -> 937
1211	939 -> 938
922	94 -> 2173,2208,95
2022	940 -> 941
2663	941 -> 1421,942
2049	942 -> 2440,516
1968	943 -> 944
1074	944 -> 194
1032	945 -> 943
948	946 -> 105
939	947 -> 948
1531	948 -> 946
876	949 -> 951
2761	95 -> 130,440,96
341	950 -> 1458,949
966	951 -> 1330,349
2784	952 -> 953
2487	953 -> 954
1234	954 -> 2215,308
1810	955 -> 957
2561	956 -> 309
1757	957 -> 956
2294	958 -> 960
2541	959 -> 958
650	96 -> 586,688,7
1560	960 -> 187
1119	961 -> 752
1550	962 -> 1781,963
1172	963 -> 1295,961
158	964 -> 966
1720	965 -> 964
2346	966 -> 2511,536
673	967 -> 968
1793	968 -> 809
405	969 -> 967
2204	97 -> 1156,65
1090	970 -> 753
40	971 -> 1133,2757,970
1118	972 -> 971
2430	973 -> 975
1252	974 -> 973
1520	975 -> 917
298	976 -> 977,991
1577	977 -> 1020,978
613	978 -> 292
1774	979 -> 711
104	98 -> 1580,224,2528,334,916,97
883	980 -> 1185,1923,981
790	981 -> 979
2368	982 -> 983
1795	983 -> 1171,663
1816	984 -> 1023,982
1316	985 -> 2126,702
2140	986 -> 987
2379	987 -> 985
1707	988 -> 227
1285	989 -> 1796,988
1916	99 -> 274,98
1326	990 -> 989
1506	991 -> 993
2713	992 -> 976
376	993 -> 2460,992
58	994 -> 1118,995
413	995 -> 434
1310	996 -> 994
1900	997 -> 999
2683	998 -> 997
1946	999 -> 1107,224
