6
-8.9 -13.2
-1.1 19.7
-0.2 -7.2
-7.7 -2.2
12.3 -5.7
-13.2 -3.6
5.6 10.9
22.2 0.5
-11.8 -6.3
-0.8 -15.2
-11.7 -7.6
-28.3 -8.4
4.8 10.1
4.9 -15.7
0.2 -5.0
-19.3 0.8
-13.7 2.6
14.9 -10.0
-4.0 8.9
-10.1 -8.3
6.5 0.5
18.2 -15.8
14.2 7.0
-17.5 -12.5
16.9 3.3
-9.6 -3.8
-5.8 2.6
-18.8 -5.4
-3.4 8.8
-1.4 8.7
1.3 0.0
6.9 25.9
7.3 8.5
-8.0 0.9
-5.6 19.3
-4.4 0.5
-16.3 -28.4
3.4 0.3
-6.2 -4.4
2.6 2.0
-1.7 13.4
-14.5 -2.8
-9.0 -2.7
3.0 -2.5
-17.5 4.7
-12.2 -2.0
-4.3 -0.9
-10.9 4.4
-22.2 16.6
-4.6 -8.2
-6.8 1.6
2.9 5.3
-4.7 14.2
-0.0 -5.4
3.6 -6.9
-2.8 3.1
9.0 0.3
12.6 3.1
-8.4 0.8
7.9 -7.2
2.4 11.2
-13.4 8.3
-27.9 0.9
-9.5 13.2
-4.3 -9.2
8.5 11.9
6.7 -7.7
-2.3 -20.2
-8.6 -3.2
12.8 -2.7
-15.8 1.8
-6.2 10.8
2.0 -5.7
-3.7 -17.4
16.0 6.9
-12.4 13.2
5.6 32.0
-11.9 4.7
4.8 -6.3
2.1 0.5
8.9 -1.4
9.0 -7.2
18.8 -8.4
-10.0 -12.9
-12.5 -14.3
-1.0 -22.5
5.1 8.7
0.8 -1.1
17.4 -7.9
12.6 6.3
19.4 4.6
-14.9 -6.7
-13.9 15.2
6.6 -16.1
11.3 13.7
6.7 -7.3
-13.9 10.3
8.5 8.4
7.0 -13.0
9.5 2.3
