937
359
1610
73
1963
377
569
1474
1032
1788
231
1876
1881
1562
816
945
701
1152
1068
99
1318
475
1713
1973
692
1037
1215
1395
1236
425
372
1202
1944
1515
1201
915
1545
880
1961
1827
594
1343
485
1627
1674
126
505
194
1974
1081
1103
1886
1317
1015
1501
1793
1900
1036
1940
1780
419
1355
346
1412
1653
1289
1559
796
134
1693
148
994
320
1690
719
1933
928
1476
1422
1341
1888
1591
1188
1665
1155
360
92
1949
934
1183
1021
1561
412
867
1729
669
1389
728
300
430
323
1826
1947
1601
1719
1582
242
592
890
1255
124
1669
923
1923
1365
682
1131
993
1473
292
1907
667
1707
631
1241
500
1017
1325
1061
1869
1083
107
411
700
576
1906
1439
736
1430
160
324
668
1785
1877
398
87
1506
1732
1130
329
1460
1258
1957
1816
1336
1487
1106
36
549
758
1212
424
1775
1791
1725
1941
1404
1150
1436
674
406
468
322
1893
688
1198
953
1696
122
265
834
1964
1293
1492
78
445
186
189
50
168
1366
903
541
1541
174
1722
609
1643
768
525
491
369
1701
1200
409
527
1760
1403
841
833
1878
802
469
1301
48
1137
137
1626
523
1551
750
1158
696
470
135
707
1136
1385
1581
1864
397
1418
228
1631
894
1951
1801
1042
981
131
381
357
1030
1309
697
182
1457
1590
1171
1673
496
585
689
575
965
400
1115
940
1866
1088
534
944
1048
1346
212
259
103
1644
763
155
418
759
213
1480
1578
1694
1291
572
4
656
1134
1543
1320
307
995
364
1260
801
1967
1062
1064
1328
574
633
1063
39
845
257
1630
1522
1597
1172
306
413
117
317
746
1767
623
1574
1583
102
1479
69
71
1873
1790
1268
1552
1495
976
285
1294
782
391
341
14
1283
1324
1044
236
955
818
1185
331
1376
912
1571
1705
1889
642
2
1502
1899
1699
968
1028
1282
939
1100
37
1919
1605
1034
1071
1726
770
1278
1374
1672
1187
1894
1824
402
318
1929
1340
1586
908
773
828
874
1955
706
1117
1438
515
1391
1903
626
1748
114
1853
647
1898
1871
1065
312
1111
1572
1704
564
772
1768
1170
708
1393
428
913
1663
1802
1237
387
1070
924
1274
879
1689
1720
401
120
1498
296
580
185
264
1651
1179
108
1216
693
467
1904
269
79
1059
176
1593
1122
606
58
1675
83
922
1517
979
1606
1267
347
295
1846
410
1845
1112
1284
1450
479
1467
1348
315
129
1108
105
1
838
1222
1433
141
1860
458
480
420
605
1882
187
1820
1927
147
1379
448
494
145
332
1452
230
179
190
1836
208
1082
911
618
1251
229
1373
1233
84
1256
1247
864
1863
1580
637
529
614
852
1566
665
917
316
679
1205
1246
1234
444
432
1099
1151
1660
101
729
1624
1667
1917
1772
1296
885
1706
373
1546
498
1259
1652
1678
1406
950
655
1538
694
23
1636
1162
744
119
1884
363
85
339
1086
795
949
499
791
1288
1547
443
1908
1165
146
291
1960
1812
710
1535
1715
1332
1504
1532
270
1384
615
886
1075
1575
980
61
1049
1225
725
1743
967
446
992
1285
215
1160
551
1925
761
1755
1227
1730
1692
958
748
528
1499
548
504
27
863
197
1912
1252
298
1482
952
630
462
1025
1956
222
1588
1819
321
1302
1145
1357
226
1407
507
325
765
811
607
1934
1014
1837
1481
1321
435
956
509
1494
612
1218
489
613
825
1500
1322
931
1807
1053
240
734
340
1844
1009
804
1056
1897
1874
362
1615
1238
272
687
1350
645
484
893
536
1299
1446
1962
207
218
313
638
90
560
830
983
643
1012
253
677
327
1757
1047
1163
454
1459
1080
1490
260
151
442
472
1834
429
1531
1386
1477
1549
180
12
1620
1129
1010
1746
648
1613
1035
799
57
1486
330
1573
600
351
699
188
1092
1852
1217
1312
35
789
766
1817
1454
678
662
559
1125
308
1939
546
798
1716
522
459
812
552
622
1969
1455
104
1640
1822
932
1637
1003
1101
1579
996
116
1119
348
1310
1271
510
1682
857
1005
200
571
203
563
847
1838
544
813
11
495
1895
195
1392
1211
517
64
524
1224
627
904
1686
895
1444
1050
164
345
663
1120
731
593
136
181
1335
1029
941
1646
408
1695
535
946
1026
255
1199
1609
1679
371
1193
1764
254
683
390
1555
493
483
1356
1600
1608
262
840
635
1516
1902
1046
1928
1156
1758
1305
1510
520
721
1339
251
1811
929
1749
1847
246
166
1113
149
1677
1766
875
797
1800
1483
140
1548
297
441
53
1731
850
1466
461
579
1429
1323
703
1976
1138
587
1149
352
1399
1756
1544
173
749
1041
1938
1618
283
335
1144
629
777
862
150
681
299
43
193
252
1628
882
1761
1382
1614
276
358
919
961
1387
311
1687
774
245
67
386
542
1648
1353
1261
1290
984
1432
711
1098
969
1415
1662
588
261
1370
562
284
1842
94
66
854
753
356
540
1810
685
1879
486
333
1448
1266
781
82
367
1632
897
1089
1698
1799
653
1424
1528
1303
790
385
423
887
1147
616
1123
1798
1792
376
1097
1354
1349
344
1623
951
810
192
860
1273
686
1140
1818
1645
624
379
404
779
368
128
1351
1298
1002
1307
870
1461
389
851
1245
100
1530
225
1020
1937
77
1739
1497
1388
846
488
757
717
599
1514
478
310
601
1520
1638
1001
118
792
1440
1128
1054
1830
1870
1835
1272
1051
349
1603
1658
1359
1315
698
1752
827
113
556
1825
817
111
1327
1564
1235
1038
1815
1782
1209
63
1524
788
97
5
675
45
436
530
1073
1033
902
1650
393
1787
1809
91
1397
1946
1126
1269
1683
767
543
227
159
437
1143
1297
914
990
1426
1754
301
1364
1533
191
1055
1276
1751
1231
943
1684
1664
209
1441
1723
1843
964
1277
1076
198
336
741
1232
1069
1599
1858
1867
1568
343
1197
1381
1420
557
421
279
464
10
249
640
1471
238
1839
1192
1090
481
666
1045
916
691
844
482
1595
869
492
1154
512
216
374
490
596
617
17
465
829
591
1943
1789
1229
1095
1795
918
1526
856
224
1745
172
388
1219
1390
1431
1484
516
86
471
1676
1091
1773
1840
1093
832
658
211
1747
1286
1855
865
93
16
1784
602
1308
570
1417
1708
1966
738
1040
1077
355
449
999
589
1124
975
910
985
1031
1709
1361
433
1539
660
1368
582
793
1587
519
1750
177
814
143
1634
1314
634
1177
275
584
1184
1724
1635
1292
805
1691
581
1257
892
1737
1000
133
415
1434
553
971
1622
123
38
1210
1167
1146
754
661
1762
55
1954
247
978
243
1797
1204
1329
1344
1023
1371
835
170
1619
898
1464
382
1380
1334
1107
1226
1451
808
1948
19
1186
824
1213
709
366
654
1396
34
319
305
273
1313
764
815
1196
1319
604
1592
1806
1804
1139
1469
876
239
555
1039
989
1519
1670
1007
1577
739
1697
1661
244
1133
21
72
1242
1570
65
342
96
303
1721
690
705
1891
745
1066
1078
1110
109
1447
1239
1079
1022
1554
821
81
383
49
1914
52
235
1769
872
873
1849
338
31
282
1911
550
972
1206
539
899
1004
925
1786
214
353
234
1118
1421
1717
293
547
787
1141
1511
807
304
1168
1734
568
732
722
26
1774
670
1295
154
267
1338
1585
132
868
1410
1337
130
378
853
1509
896
1872
463
263
702
1932
531
954
775
205
1771
175
1553
611
514
641
1594
1279
659
997
806
1132
650
1270
1485
70
508
1428
1094
258
278
1596
41
59
1169
28
938
396
794
80
54
1921
1892
1647
1880
586
1405
809
1862
933
1153
1558
1096
822
866
1527
889
1916
1607
1178
138
477
1875
947
1633
1972
657
455
46
1639
751
1942
785
110
803
1711
1190
1924
800
843
1959
40
22
926
680
68
1641
1740
577
1563
162
518
1347
664
487
1584
1735
354
217
1223
210
819
1550
735
502
127
963
1493
755
9
712
1116
171
1656
1414
737
1629
47
1228
935
1777
718
1930
590
1465
1174
1703
1625
1176
1345
1778
6
361
561
290
538
1342
676
1253
1602
1372
365
1861
769
1850
1016
1326
1589
1087
1796
201
1419
877
158
881
1019
384
1714
595
451
1011
370
988
783
909
1214
466
1360
532
266
1060
1781
1794
957
839
460
165
905
1195
884
521
1557
89
1367
1821
671
142
220
511
42
831
1936
1950
1378
1084
756
1249
1248
473
277
1018
474
1688
1808
646
1377
1189
1922
223
1971
294
1006
417
121
20
1832
1657
1475
1363
1358
1208
921
438
778
1275
1262
1831
1445
974
1828
936
156
337
1763
1604
762
733
439
309
30
578
1560
204
1918
7
1057
434
1681
1823
248
241
271
1883
62
1458
88
1848
1859
1885
1383
1085
1114
280
414
1953
1265
157
1975
1449
673
1067
878
1394
506
1680
44
1263
1478
403
1369
75
1074
1243
1803
1759
1529
740
987
1654
1958
375
861
199
1489
1127
716
163
849
1718
760
13
1505
1462
1567
620
1491
948
1569
1854
456
453
651
715
891
672
250
970
281
1741
24
1427
930
1401
1435
724
820
183
178
1453
115
1534
256
598
858
704
632
1829
232
501
695
1913
1542
1250
380
714
202
1104
566
565
960
8
98
427
219
1194
74
1742
927
901
1191
1175
1072
513
1659
608
1920
1770
302
1856
1013
1400
1058
1621
1121
1425
1512
1970
1814
554
1408
112
619
533
1738
1463
1311
726
1472
1617
1727
426
1375
497
1655
1576
169
652
274
196
1173
286
742
920
628
1909
395
837
1240
405
1536
1043
1926
1508
452
1565
567
1180
558
1915
1728
1220
268
1331
723
1642
422
450
1765
440
959
152
780
1413
1710
1244
998
1008
942
76
752
1685
1783
1443
1702
1135
206
416
1488
328
727
1671
603
125
1300
60
1496
106
1901
1525
1612
476
288
900
25
457
289
1841
1611
644
1203
1556
1221
1865
1102
1470
350
237
747
1968
1230
1513
621
1649
1333
1868
153
1330
394
1416
139
1935
906
1733
1398
720
161
1896
1182
1287
962
823
1306
33
1316
859
15
1161
597
1813
1281
1142
1503
399
1905
3
1456
784
907
1105
1965
1304
1598
287
51
1523
1166
95
1931
1736
326
1352
1712
1521
1537
982
639
1507
1753
1468
786
1952
1616
836
986
625
334
1700
1159
883
826
1254
1164
888
1833
1540
392
537
1887
29
1362
966
684
167
56
1779
1409
1402
743
771
855
1109
1857
1280
1181
447
18
776
1668
848
545
1437
973
1851
1411
649
842
233
221
1207
1910
1744
1518
1148
1024
1890
1666
314
583
1052
431
991
1157
503
636
407
184
1776
730
977
1805
713
1442
610
526
871
1945
1264
573
1423
1027
32
144
